>TGCAGTCGCA	1-TGCAGTCGCA	7.913792	-18.488895	0	T:16.0(15.53%),B:1171.5(2.56%),P:1e-8	Tpos:71.2,Tstd:34.2,Bpos:74.2,Bstd:50.6,StrandBias:-0.8,Multiplicity:1.19
0.165	0.108	0.001	0.726
0.001	0.001	0.859	0.139
0.001	0.837	0.054	0.108
0.707	0.102	0.049	0.142
0.122	0.080	0.687	0.111
0.001	0.001	0.049	0.949
0.001	0.931	0.001	0.067
0.040	0.054	0.778	0.128
0.113	0.827	0.001	0.059
0.710	0.083	0.112	0.095
>WTTTMTATWT	2-WTTTMTATWT	7.965753	-16.491109	0	T:30.0(29.13%),B:4631.5(10.13%),P:1e-7	Tpos:67.5,Tstd:45.1,Bpos:74.5,Bstd:53.9,StrandBias:0.2,Multiplicity:1.17
0.494	0.001	0.034	0.472
0.206	0.001	0.038	0.755
0.035	0.048	0.125	0.792
0.001	0.046	0.046	0.907
0.385	0.430	0.035	0.150
0.045	0.131	0.013	0.811
0.640	0.067	0.050	0.243
0.139	0.065	0.048	0.748
0.454	0.022	0.001	0.523
0.020	0.051	0.078	0.851
>CCCCATCCAC	3-CCCCATCCAC	10.285786	-15.801002	0	T:7.0(6.80%),B:169.5(0.37%),P:1e-6	Tpos:91.4,Tstd:27.2,Bpos:73.8,Bstd:45.2,StrandBias:1.8,Multiplicity:1.29
0.001	0.861	0.001	0.137
0.001	0.997	0.001	0.001
0.069	0.929	0.001	0.001
0.144	0.854	0.001	0.001
0.819	0.001	0.179	0.001
0.001	0.001	0.001	0.997
0.001	0.997	0.001	0.001
0.001	0.997	0.001	0.001
0.772	0.226	0.001	0.001
0.001	0.882	0.001	0.116
>TGGCCATTCG	4-TGGCCATTCG	8.634913	-15.179576	0	T:13.0(12.62%),B:951.2(2.08%),P:1e-6	Tpos:82.5,Tstd:33.2,Bpos:77.8,Bstd:44.9,StrandBias:-0.7,Multiplicity:1.23
0.001	0.001	0.001	0.997
0.121	0.132	0.595	0.152
0.001	0.001	0.892	0.106
0.001	0.997	0.001	0.001
0.001	0.997	0.001	0.001
0.736	0.001	0.001	0.262
0.080	0.121	0.112	0.687
0.001	0.139	0.001	0.859
0.114	0.458	0.134	0.293
0.001	0.001	0.890	0.108
>CAGATACAGA	5-CAGATACAGA	9.933386	-13.738709	0	T:10.0(9.71%),B:594.6(1.30%),P:1e-5	Tpos:87.9,Tstd:34.4,Bpos:77.2,Bstd:60.1,StrandBias:0.7,Multiplicity:1.60
0.001	0.997	0.001	0.001
0.924	0.001	0.074	0.001
0.001	0.001	0.997	0.001
0.890	0.001	0.108	0.001
0.001	0.001	0.001	0.997
0.943	0.001	0.055	0.001
0.084	0.832	0.083	0.001
0.846	0.001	0.068	0.085
0.185	0.045	0.769	0.001
0.810	0.001	0.111	0.078
>GTAGATATCT	6-GTAGATATCT	5.545119	-12.645686	0	T:22.0(21.36%),B:3271.7(7.16%),P:1e-5	Tpos:73.4,Tstd:35.8,Bpos:76.1,Bstd:64.0,StrandBias:0.5,Multiplicity:1.09
0.230	0.001	0.768	0.001
0.001	0.176	0.001	0.822
0.997	0.001	0.001	0.001
0.001	0.346	0.652	0.001
0.967	0.001	0.031	0.001
0.001	0.001	0.001	0.997
0.997	0.001	0.001	0.001
0.001	0.062	0.001	0.936
0.063	0.652	0.284	0.001
0.001	0.001	0.001	0.997
>CGATCCGATC	7-CGATCCGATC	10.902345	-7.593156	0	T:4.0(3.88%),B:160.9(0.35%),P:1e-3	Tpos:46.7,Tstd:21.4,Bpos:79.4,Bstd:55.9,StrandBias:1.3,Multiplicity:1.75
0.001	0.997	0.001	0.001
0.001	0.001	0.997	0.001
0.711	0.148	0.001	0.140
0.001	0.001	0.001	0.997
0.001	0.774	0.106	0.119
0.001	0.884	0.114	0.001
0.001	0.001	0.997	0.001
0.705	0.159	0.001	0.135
0.001	0.001	0.001	0.997
0.001	0.997	0.001	0.001
