>CACTTGAG	1-CACTTGAG	8.073277	-17.530665	0	T:15.0(14.56%),B:1085.3(2.37%),P:1e-7	Tpos:67.4,Tstd:37.5,Bpos:76.4,Bstd:47.6,StrandBias:-0.2,Multiplicity:1.13
0.001	0.922	0.076	0.001
0.922	0.001	0.001	0.076
0.094	0.904	0.001	0.001
0.001	0.001	0.001	0.997
0.001	0.001	0.001	0.997
0.001	0.001	0.997	0.001
0.782	0.001	0.001	0.216
0.001	0.001	0.997	0.001
>TATATATA	2-TATATATA	5.829826	-14.559506	0	T:46.0(44.66%),B:10249.0(22.42%),P:1e-6	Tpos:85.1,Tstd:45.4,Bpos:76.3,Bstd:66.6,StrandBias:0.0,Multiplicity:1.43
0.072	0.096	0.090	0.742
0.819	0.091	0.083	0.007
0.171	0.177	0.029	0.623
0.911	0.030	0.043	0.016
0.117	0.001	0.140	0.742
0.686	0.062	0.082	0.170
0.211	0.078	0.051	0.660
0.836	0.040	0.089	0.035
>TGCWSTCG	3-TGCWSTCG	7.774635	-13.379875	0	T:21.0(20.39%),B:2874.4(6.29%),P:1e-5	Tpos:72.8,Tstd:41.1,Bpos:74.8,Bstd:50.0,StrandBias:-1.7,Multiplicity:1.24
0.001	0.001	0.331	0.667
0.001	0.001	0.997	0.001
0.001	0.997	0.001	0.001
0.434	0.001	0.001	0.564
0.001	0.451	0.547	0.001
0.001	0.001	0.001	0.997
0.001	0.839	0.159	0.001
0.001	0.001	0.674	0.324
>GCCATTAG	4-GCCATTAG	7.173079	-12.338177	0	T:16.0(15.53%),B:1861.1(4.07%),P:1e-5	Tpos:77.9,Tstd:34.2,Bpos:74.6,Bstd:46.6,StrandBias:0.0,Multiplicity:1.25
0.073	0.070	0.856	0.001
0.001	0.997	0.001	0.001
0.091	0.907	0.001	0.001
0.919	0.001	0.001	0.079
0.001	0.001	0.001	0.997
0.054	0.001	0.001	0.944
0.550	0.034	0.102	0.314
0.031	0.061	0.874	0.034
>TTTTTTTT	5-TTTTTTTT	6.291044	-0.929945	0	T:33.0(32.04%),B:13894.5(30.40%),P:1e0	Tpos:79.9,Tstd:44.9,Bpos:75.1,Bstd:51.4,StrandBias:0.2,Multiplicity:1.12
0.100	0.100	0.100	0.700
0.100	0.100	0.100	0.700
0.100	0.100	0.100	0.700
0.100	0.100	0.100	0.700
0.100	0.100	0.100	0.700
0.100	0.100	0.100	0.700
0.100	0.100	0.100	0.700
0.100	0.100	0.100	0.700
