>TGCAGTCGCA	1-TGCAGTCGCA	7.913792	-18.488895	0	T:16.0(15.53%),B:1171.5(2.56%),P:1e-8	Tpos:71.2,Tstd:34.2,Bpos:74.2,Bstd:50.6,StrandBias:-0.8,Multiplicity:1.19
0.165	0.108	0.001	0.726
0.001	0.001	0.859	0.139
0.001	0.837	0.054	0.108
0.707	0.102	0.049	0.142
0.122	0.080	0.687	0.111
0.001	0.001	0.049	0.949
0.001	0.931	0.001	0.067
0.040	0.054	0.778	0.128
0.113	0.827	0.001	0.059
0.710	0.083	0.112	0.095
>WTTTMTATWT	2-WTTTMTATWT	7.965753	-16.491109	0	T:30.0(29.13%),B:4631.5(10.13%),P:1e-7	Tpos:67.5,Tstd:45.1,Bpos:74.5,Bstd:53.9,StrandBias:0.2,Multiplicity:1.17
0.494	0.001	0.034	0.472
0.206	0.001	0.038	0.755
0.035	0.048	0.125	0.792
0.001	0.046	0.046	0.907
0.385	0.430	0.035	0.150
0.045	0.131	0.013	0.811
0.640	0.067	0.050	0.243
0.139	0.065	0.048	0.748
0.454	0.022	0.001	0.523
0.020	0.051	0.078	0.851
>CCCCATCCAC	3-CCCCATCCAC	10.285786	-15.801002	0	T:7.0(6.80%),B:169.5(0.37%),P:1e-6	Tpos:91.4,Tstd:27.2,Bpos:73.8,Bstd:45.2,StrandBias:1.8,Multiplicity:1.29
0.001	0.861	0.001	0.137
0.001	0.997	0.001	0.001
0.069	0.929	0.001	0.001
0.144	0.854	0.001	0.001
0.819	0.001	0.179	0.001
0.001	0.001	0.001	0.997
0.001	0.997	0.001	0.001
0.001	0.997	0.001	0.001
0.772	0.226	0.001	0.001
0.001	0.882	0.001	0.116
>TGGCCATTCG	4-TGGCCATTCG	8.634913	-15.179576	0	T:13.0(12.62%),B:951.2(2.08%),P:1e-6	Tpos:82.5,Tstd:33.2,Bpos:77.8,Bstd:44.9,StrandBias:-0.7,Multiplicity:1.23
0.001	0.001	0.001	0.997
0.121	0.132	0.595	0.152
0.001	0.001	0.892	0.106
0.001	0.997	0.001	0.001
0.001	0.997	0.001	0.001
0.736	0.001	0.001	0.262
0.080	0.121	0.112	0.687
0.001	0.139	0.001	0.859
0.114	0.458	0.134	0.293
0.001	0.001	0.890	0.108
>CAGATACAGA	5-CAGATACAGA	9.933386	-13.738709	0	T:10.0(9.71%),B:594.6(1.30%),P:1e-5	Tpos:87.9,Tstd:34.4,Bpos:77.2,Bstd:60.1,StrandBias:0.7,Multiplicity:1.60
0.001	0.997	0.001	0.001
0.924	0.001	0.074	0.001
0.001	0.001	0.997	0.001
0.890	0.001	0.108	0.001
0.001	0.001	0.001	0.997
0.943	0.001	0.055	0.001
0.084	0.832	0.083	0.001
0.846	0.001	0.068	0.085
0.185	0.045	0.769	0.001
0.810	0.001	0.111	0.078
>GTAGATATCT	6-GTAGATATCT	5.545119	-12.645686	0	T:22.0(21.36%),B:3271.7(7.16%),P:1e-5	Tpos:73.4,Tstd:35.8,Bpos:76.1,Bstd:64.0,StrandBias:0.5,Multiplicity:1.09
0.230	0.001	0.768	0.001
0.001	0.176	0.001	0.822
0.997	0.001	0.001	0.001
0.001	0.346	0.652	0.001
0.967	0.001	0.031	0.001
0.001	0.001	0.001	0.997
0.997	0.001	0.001	0.001
0.001	0.062	0.001	0.936
0.063	0.652	0.284	0.001
0.001	0.001	0.001	0.997
>CGATCCGATC	7-CGATCCGATC	10.902345	-7.593156	0	T:4.0(3.88%),B:160.9(0.35%),P:1e-3	Tpos:46.7,Tstd:21.4,Bpos:79.4,Bstd:55.9,StrandBias:1.3,Multiplicity:1.75
0.001	0.997	0.001	0.001
0.001	0.001	0.997	0.001
0.711	0.148	0.001	0.140
0.001	0.001	0.001	0.997
0.001	0.774	0.106	0.119
0.001	0.884	0.114	0.001
0.001	0.001	0.997	0.001
0.705	0.159	0.001	0.135
0.001	0.001	0.001	0.997
0.001	0.997	0.001	0.001
>AGCCHCATCCAC	1-AGCCHCATCCAC	8.231219	-19.170298	0	T:12.0(11.65%),B:546.3(1.20%),P:1e-8	Tpos:95.3,Tstd:33.2,Bpos:73.6,Bstd:44.1,StrandBias:1.5,Multiplicity:1.25
0.833	0.001	0.165	0.001
0.273	0.021	0.516	0.190
0.001	0.978	0.001	0.020
0.001	0.997	0.001	0.001
0.408	0.294	0.001	0.297
0.293	0.705	0.001	0.001
0.713	0.266	0.020	0.001
0.272	0.001	0.001	0.726
0.001	0.997	0.001	0.001
0.001	0.978	0.020	0.001
0.681	0.317	0.001	0.001
0.001	0.726	0.001	0.272
>TATGTATGTACA	2-TATGTATGTACA	7.444993	-14.797710	0	T:32.0(31.07%),B:5590.6(12.23%),P:1e-6	Tpos:91.1,Tstd:37.1,Bpos:77.0,Bstd:68.5,StrandBias:-0.7,Multiplicity:1.32
0.075	0.064	0.110	0.751
0.743	0.001	0.139	0.117
0.035	0.066	0.035	0.864
0.232	0.019	0.583	0.166
0.035	0.093	0.035	0.837
0.814	0.001	0.150	0.035
0.035	0.145	0.035	0.785
0.255	0.001	0.619	0.125
0.020	0.070	0.070	0.840
0.717	0.148	0.134	0.001
0.057	0.659	0.055	0.229
0.792	0.019	0.133	0.056
>AGATACAGATAC	3-AGATACAGATAC	10.303333	-12.980118	0	T:9.0(8.74%),B:502.4(1.10%),P:1e-5	Tpos:91.4,Tstd:25.7,Bpos:75.2,Bstd:60.9,StrandBias:1.3,Multiplicity:1.56
0.894	0.102	0.003	0.001
0.194	0.001	0.802	0.003
0.896	0.001	0.102	0.001
0.001	0.001	0.102	0.896
0.805	0.001	0.193	0.001
0.102	0.692	0.205	0.001
0.795	0.001	0.102	0.102
0.072	0.001	0.926	0.001
0.890	0.001	0.108	0.001
0.001	0.001	0.001	0.997
0.724	0.001	0.173	0.102
0.103	0.691	0.103	0.103
>TCCGATCCGCTC	4-TCCGATCCGCTC	10.625820	-11.969347	0	T:5.0(4.85%),B:112.8(0.25%),P:1e-5	Tpos:56.9,Tstd:39.5,Bpos:76.9,Bstd:61.2,StrandBias:1.3,Multiplicity:1.20
0.001	0.001	0.006	0.992
0.126	0.515	0.358	0.001
0.001	0.997	0.001	0.001
0.001	0.001	0.997	0.001
0.684	0.009	0.001	0.306
0.001	0.001	0.001	0.997
0.001	0.872	0.126	0.001
0.001	0.991	0.007	0.001
0.001	0.178	0.820	0.001
0.335	0.538	0.001	0.126
0.001	0.001	0.178	0.820
0.001	0.997	0.001	0.001
>GCGAATGCGAMT	5-GCGAATGCGAMT	8.619043	-10.629610	0	T:10.0(9.71%),B:850.5(1.86%),P:1e-4	Tpos:56.2,Tstd:32.6,Bpos:72.3,Bstd:50.2,StrandBias:1.1,Multiplicity:1.90
0.176	0.003	0.782	0.039
0.055	0.572	0.104	0.269
0.222	0.001	0.715	0.062
0.937	0.061	0.001	0.001
0.896	0.052	0.050	0.002
0.224	0.062	0.001	0.713
0.114	0.001	0.847	0.038
0.042	0.690	0.001	0.267
0.166	0.062	0.708	0.064
0.759	0.001	0.178	0.062
0.437	0.345	0.155	0.063
0.050	0.001	0.001	0.948
>TCGATTCCGATT	6-TCGATTCCGATT	11.098570	-9.796669	0	T:5.0(4.85%),B:177.2(0.39%),P:1e-4	Tpos:57.2,Tstd:29.4,Bpos:77.6,Bstd:47.0,StrandBias:1.8,Multiplicity:1.80
0.001	0.292	0.001	0.706
0.001	0.997	0.001	0.001
0.001	0.001	0.997	0.001
0.795	0.203	0.001	0.001
0.153	0.150	0.204	0.493
0.001	0.001	0.001	0.997
0.001	0.997	0.001	0.001
0.001	0.652	0.144	0.203
0.138	0.001	0.860	0.001
0.997	0.001	0.001	0.001
0.127	0.150	0.204	0.519
0.001	0.001	0.001	0.997
>TTWTATATATAT	7-TTWTATATATAT	12.566315	-7.244112	0	T:6.0(5.83%),B:469.2(1.03%),P:1e-3	Tpos:88.2,Tstd:43.4,Bpos:72.4,Bstd:58.0,StrandBias:-0.7,Multiplicity:1.00
0.025	0.001	0.001	0.973
0.001	0.001	0.001	0.997
0.571	0.001	0.001	0.427
0.001	0.001	0.001	0.997
0.575	0.001	0.001	0.423
0.001	0.001	0.001	0.997
0.575	0.001	0.001	0.423
0.001	0.001	0.001	0.997
0.575	0.001	0.001	0.423
0.001	0.001	0.001	0.997
0.579	0.001	0.163	0.257
0.135	0.163	0.001	0.701
>TTTGTTTTATTT	8-TTTGTTTTATTT	15.671384	-5.673959	0	T:2.0(1.94%),B:39.0(0.09%),P:1e-2	Tpos:79.0,Tstd:49.0,Bpos:75.7,Bstd:58.0,StrandBias:10.0,Multiplicity:1.00
0.119	0.001	0.001	0.879
0.055	0.001	0.001	0.943
0.001	0.001	0.001	0.997
0.001	0.001	0.716	0.282
0.001	0.001	0.001	0.997
0.001	0.001	0.001	0.997
0.001	0.001	0.001	0.997
0.001	0.001	0.001	0.997
0.716	0.001	0.001	0.282
0.001	0.001	0.001	0.997
0.058	0.001	0.002	0.939
0.024	0.002	0.001	0.973
>TTTTTTTTTTKY	9-TTTTTTTTTTKY	15.398330	-3.102151	0	T:2.0(1.94%),B:149.7(0.33%),P:1e-1	Tpos:106.0,Tstd:10.0,Bpos:73.1,Bstd:54.3,StrandBias:0.0,Multiplicity:1.00
0.037	0.001	0.001	0.961
0.001	0.001	0.001	0.997
0.001	0.001	0.001	0.997
0.001	0.001	0.001	0.997
0.001	0.001	0.001	0.997
0.001	0.001	0.001	0.997
0.001	0.001	0.001	0.997
0.001	0.001	0.001	0.997
0.001	0.001	0.001	0.997
0.001	0.001	0.001	0.997
0.001	0.001	0.557	0.441
0.001	0.557	0.001	0.441
>CACTTGAG	1-CACTTGAG	8.073277	-17.530665	0	T:15.0(14.56%),B:1085.3(2.37%),P:1e-7	Tpos:67.4,Tstd:37.5,Bpos:76.4,Bstd:47.6,StrandBias:-0.2,Multiplicity:1.13
0.001	0.922	0.076	0.001
0.922	0.001	0.001	0.076
0.094	0.904	0.001	0.001
0.001	0.001	0.001	0.997
0.001	0.001	0.001	0.997
0.001	0.001	0.997	0.001
0.782	0.001	0.001	0.216
0.001	0.001	0.997	0.001
>TATATATA	2-TATATATA	5.829826	-14.559506	0	T:46.0(44.66%),B:10249.0(22.42%),P:1e-6	Tpos:85.1,Tstd:45.4,Bpos:76.3,Bstd:66.6,StrandBias:0.0,Multiplicity:1.43
0.072	0.096	0.090	0.742
0.819	0.091	0.083	0.007
0.171	0.177	0.029	0.623
0.911	0.030	0.043	0.016
0.117	0.001	0.140	0.742
0.686	0.062	0.082	0.170
0.211	0.078	0.051	0.660
0.836	0.040	0.089	0.035
>TGCWSTCG	3-TGCWSTCG	7.774635	-13.379875	0	T:21.0(20.39%),B:2874.4(6.29%),P:1e-5	Tpos:72.8,Tstd:41.1,Bpos:74.8,Bstd:50.0,StrandBias:-1.7,Multiplicity:1.24
0.001	0.001	0.331	0.667
0.001	0.001	0.997	0.001
0.001	0.997	0.001	0.001
0.434	0.001	0.001	0.564
0.001	0.451	0.547	0.001
0.001	0.001	0.001	0.997
0.001	0.839	0.159	0.001
0.001	0.001	0.674	0.324
>GCCATTAG	4-GCCATTAG	7.173079	-12.338177	0	T:16.0(15.53%),B:1861.1(4.07%),P:1e-5	Tpos:77.9,Tstd:34.2,Bpos:74.6,Bstd:46.6,StrandBias:0.0,Multiplicity:1.25
0.073	0.070	0.856	0.001
0.001	0.997	0.001	0.001
0.091	0.907	0.001	0.001
0.919	0.001	0.001	0.079
0.001	0.001	0.001	0.997
0.054	0.001	0.001	0.944
0.550	0.034	0.102	0.314
0.031	0.061	0.874	0.034
>TTTTTTTT	5-TTTTTTTT	6.291044	-0.929945	0	T:33.0(32.04%),B:13894.5(30.40%),P:1e0	Tpos:79.9,Tstd:44.9,Bpos:75.1,Bstd:51.4,StrandBias:0.2,Multiplicity:1.12
0.100	0.100	0.100	0.700
0.100	0.100	0.100	0.700
0.100	0.100	0.100	0.700
0.100	0.100	0.100	0.700
0.100	0.100	0.100	0.700
0.100	0.100	0.100	0.700
0.100	0.100	0.100	0.700
0.100	0.100	0.100	0.700
