>AGCCHCATCCAC	1-AGCCHCATCCAC	8.231219	-19.170298	0	T:12.0(11.65%),B:546.3(1.20%),P:1e-8	Tpos:95.3,Tstd:33.2,Bpos:73.6,Bstd:44.1,StrandBias:1.5,Multiplicity:1.25
0.833	0.001	0.165	0.001
0.273	0.021	0.516	0.190
0.001	0.978	0.001	0.020
0.001	0.997	0.001	0.001
0.408	0.294	0.001	0.297
0.293	0.705	0.001	0.001
0.713	0.266	0.020	0.001
0.272	0.001	0.001	0.726
0.001	0.997	0.001	0.001
0.001	0.978	0.020	0.001
0.681	0.317	0.001	0.001
0.001	0.726	0.001	0.272
>TATGTATGTACA	2-TATGTATGTACA	7.444993	-14.797710	0	T:32.0(31.07%),B:5590.6(12.23%),P:1e-6	Tpos:91.1,Tstd:37.1,Bpos:77.0,Bstd:68.5,StrandBias:-0.7,Multiplicity:1.32
0.075	0.064	0.110	0.751
0.743	0.001	0.139	0.117
0.035	0.066	0.035	0.864
0.232	0.019	0.583	0.166
0.035	0.093	0.035	0.837
0.814	0.001	0.150	0.035
0.035	0.145	0.035	0.785
0.255	0.001	0.619	0.125
0.020	0.070	0.070	0.840
0.717	0.148	0.134	0.001
0.057	0.659	0.055	0.229
0.792	0.019	0.133	0.056
>AGATACAGATAC	3-AGATACAGATAC	10.303333	-12.980118	0	T:9.0(8.74%),B:502.4(1.10%),P:1e-5	Tpos:91.4,Tstd:25.7,Bpos:75.2,Bstd:60.9,StrandBias:1.3,Multiplicity:1.56
0.894	0.102	0.003	0.001
0.194	0.001	0.802	0.003
0.896	0.001	0.102	0.001
0.001	0.001	0.102	0.896
0.805	0.001	0.193	0.001
0.102	0.692	0.205	0.001
0.795	0.001	0.102	0.102
0.072	0.001	0.926	0.001
0.890	0.001	0.108	0.001
0.001	0.001	0.001	0.997
0.724	0.001	0.173	0.102
0.103	0.691	0.103	0.103
>TCCGATCCGCTC	4-TCCGATCCGCTC	10.625820	-11.969347	0	T:5.0(4.85%),B:112.8(0.25%),P:1e-5	Tpos:56.9,Tstd:39.5,Bpos:76.9,Bstd:61.2,StrandBias:1.3,Multiplicity:1.20
0.001	0.001	0.006	0.992
0.126	0.515	0.358	0.001
0.001	0.997	0.001	0.001
0.001	0.001	0.997	0.001
0.684	0.009	0.001	0.306
0.001	0.001	0.001	0.997
0.001	0.872	0.126	0.001
0.001	0.991	0.007	0.001
0.001	0.178	0.820	0.001
0.335	0.538	0.001	0.126
0.001	0.001	0.178	0.820
0.001	0.997	0.001	0.001
>GCGAATGCGAMT	5-GCGAATGCGAMT	8.619043	-10.629610	0	T:10.0(9.71%),B:850.5(1.86%),P:1e-4	Tpos:56.2,Tstd:32.6,Bpos:72.3,Bstd:50.2,StrandBias:1.1,Multiplicity:1.90
0.176	0.003	0.782	0.039
0.055	0.572	0.104	0.269
0.222	0.001	0.715	0.062
0.937	0.061	0.001	0.001
0.896	0.052	0.050	0.002
0.224	0.062	0.001	0.713
0.114	0.001	0.847	0.038
0.042	0.690	0.001	0.267
0.166	0.062	0.708	0.064
0.759	0.001	0.178	0.062
0.437	0.345	0.155	0.063
0.050	0.001	0.001	0.948
>TCGATTCCGATT	6-TCGATTCCGATT	11.098570	-9.796669	0	T:5.0(4.85%),B:177.2(0.39%),P:1e-4	Tpos:57.2,Tstd:29.4,Bpos:77.6,Bstd:47.0,StrandBias:1.8,Multiplicity:1.80
0.001	0.292	0.001	0.706
0.001	0.997	0.001	0.001
0.001	0.001	0.997	0.001
0.795	0.203	0.001	0.001
0.153	0.150	0.204	0.493
0.001	0.001	0.001	0.997
0.001	0.997	0.001	0.001
0.001	0.652	0.144	0.203
0.138	0.001	0.860	0.001
0.997	0.001	0.001	0.001
0.127	0.150	0.204	0.519
0.001	0.001	0.001	0.997
>TTWTATATATAT	7-TTWTATATATAT	12.566315	-7.244112	0	T:6.0(5.83%),B:469.2(1.03%),P:1e-3	Tpos:88.2,Tstd:43.4,Bpos:72.4,Bstd:58.0,StrandBias:-0.7,Multiplicity:1.00
0.025	0.001	0.001	0.973
0.001	0.001	0.001	0.997
0.571	0.001	0.001	0.427
0.001	0.001	0.001	0.997
0.575	0.001	0.001	0.423
0.001	0.001	0.001	0.997
0.575	0.001	0.001	0.423
0.001	0.001	0.001	0.997
0.575	0.001	0.001	0.423
0.001	0.001	0.001	0.997
0.579	0.001	0.163	0.257
0.135	0.163	0.001	0.701
>TTTGTTTTATTT	8-TTTGTTTTATTT	15.671384	-5.673959	0	T:2.0(1.94%),B:39.0(0.09%),P:1e-2	Tpos:79.0,Tstd:49.0,Bpos:75.7,Bstd:58.0,StrandBias:10.0,Multiplicity:1.00
0.119	0.001	0.001	0.879
0.055	0.001	0.001	0.943
0.001	0.001	0.001	0.997
0.001	0.001	0.716	0.282
0.001	0.001	0.001	0.997
0.001	0.001	0.001	0.997
0.001	0.001	0.001	0.997
0.001	0.001	0.001	0.997
0.716	0.001	0.001	0.282
0.001	0.001	0.001	0.997
0.058	0.001	0.002	0.939
0.024	0.002	0.001	0.973
>TTTTTTTTTTKY	9-TTTTTTTTTTKY	15.398330	-3.102151	0	T:2.0(1.94%),B:149.7(0.33%),P:1e-1	Tpos:106.0,Tstd:10.0,Bpos:73.1,Bstd:54.3,StrandBias:0.0,Multiplicity:1.00
0.037	0.001	0.001	0.961
0.001	0.001	0.001	0.997
0.001	0.001	0.001	0.997
0.001	0.001	0.001	0.997
0.001	0.001	0.001	0.997
0.001	0.001	0.001	0.997
0.001	0.001	0.001	0.997
0.001	0.001	0.001	0.997
0.001	0.001	0.001	0.997
0.001	0.001	0.001	0.997
0.001	0.001	0.557	0.441
0.001	0.557	0.001	0.441
