>GTGTGTGTGTGT	9-GTGTGTGTGTGT	7.073280	-50.977467	0	T:439.0(23.61%),B:6235.8(14.96%),P:1e-22
0.064	0.051	0.679	0.206
0.123	0.067	0.056	0.754
0.033	0.048	0.819	0.100
0.091	0.048	0.055	0.806
0.156	0.021	0.631	0.192
0.065	0.074	0.048	0.813
0.055	0.055	0.641	0.249
0.087	0.077	0.069	0.767
0.020	0.025	0.728	0.227
0.041	0.045	0.106	0.808
0.086	0.060	0.780	0.074
0.119	0.229	0.138	0.514
