>NNCTCTCTCTBN	2-NNCTCTCTCTBN	5.087908	-197.798811	0	T:1062.0(57.13%),B:14457.0(34.69%),P:1e-85
0.181	0.289	0.216	0.314
0.191	0.194	0.317	0.298
0.128	0.542	0.002	0.328
0.193	0.013	0.305	0.489
0.011	0.732	0.005	0.252
0.136	0.001	0.291	0.572
0.001	0.888	0.001	0.110
0.288	0.025	0.031	0.656
0.002	0.475	0.214	0.309
0.234	0.199	0.117	0.450
0.104	0.353	0.278	0.266
0.288	0.245	0.195	0.273
