>GAVAGCGAMAGC	7-GAVAGCGAMAGC	8.137551	-57.551397	0	T:223.0(12.00%),B:2344.9(5.63%),P:1e-24
0.174	0.119	0.706	0.001
0.884	0.072	0.043	0.001
0.320	0.371	0.265	0.043
0.692	0.054	0.136	0.118
0.156	0.001	0.679	0.164
0.001	0.865	0.123	0.011
0.244	0.065	0.680	0.011
0.827	0.033	0.118	0.022
0.363	0.412	0.170	0.055
0.849	0.023	0.091	0.037
0.079	0.001	0.919	0.001
0.072	0.904	0.011	0.013
