>TCTCTCTCTCTC	1-TCTCTCTCTCTC	6.230264	-257.465693	0	T:699.0(37.60%),B:6649.0(15.95%),P:1e-111
0.059	0.144	0.263	0.534
0.086	0.688	0.111	0.115
0.068	0.081	0.265	0.586
0.035	0.816	0.061	0.088
0.053	0.050	0.226	0.671
0.001	0.860	0.008	0.131
0.066	0.073	0.170	0.691
0.005	0.881	0.043	0.071
0.086	0.075	0.205	0.634
0.017	0.780	0.059	0.144
0.151	0.081	0.209	0.559
0.051	0.665	0.133	0.151
