>TGTATGTATATG	21-TGTATGTATATG	10.052596	-14.787027	0	T:54.0(2.90%),B:567.4(1.36%),P:1e-6
0.127	0.001	0.001	0.871
0.001	0.001	0.935	0.063
0.064	0.064	0.064	0.808
0.766	0.064	0.128	0.042
0.001	0.001	0.063	0.935
0.001	0.127	0.871	0.001
0.255	0.001	0.064	0.680
0.829	0.001	0.064	0.106
0.127	0.001	0.127	0.745
0.680	0.064	0.064	0.192
0.063	0.001	0.001	0.935
0.001	0.063	0.935	0.001
