>DBGAAAGMGAVD	12-DBGAAAGMGAVD	7.553198	-39.891700	0	T:113.0(6.08%),B:1012.3(2.43%),P:1e-17
0.203	0.194	0.253	0.350
0.186	0.342	0.213	0.260
0.017	0.111	0.720	0.152
0.680	0.207	0.004	0.109
0.610	0.007	0.001	0.382
0.779	0.192	0.017	0.012
0.358	0.006	0.629	0.007
0.376	0.331	0.083	0.211
0.008	0.014	0.971	0.007
0.595	0.010	0.210	0.185
0.190	0.323	0.329	0.158
0.293	0.151	0.212	0.344
