>CATATGTAMATA	25-CATATGTAMATA	9.829011	-11.214208	0	T:53.0(2.85%),B:627.0(1.50%),P:1e-4
0.034	0.964	0.001	0.001
0.786	0.001	0.001	0.212
0.053	0.056	0.001	0.890
0.582	0.001	0.159	0.258
0.007	0.001	0.053	0.939
0.001	0.041	0.594	0.364
0.001	0.381	0.001	0.617
0.741	0.053	0.205	0.001
0.473	0.525	0.001	0.001
0.915	0.001	0.001	0.083
0.110	0.053	0.001	0.836
0.714	0.003	0.131	0.152
