>TTGTTGTTGTTG	6-TTGTTGTTGTTG	9.234786	-59.139149	0	T:196.0(10.54%),B:1908.9(4.58%),P:1e-25
0.068	0.123	0.116	0.693
0.108	0.054	0.069	0.769
0.091	0.055	0.704	0.150
0.049	0.126	0.031	0.794
0.042	0.050	0.058	0.850
0.089	0.045	0.759	0.107
0.045	0.133	0.040	0.782
0.084	0.060	0.060	0.796
0.040	0.062	0.759	0.139
0.047	0.162	0.071	0.720
0.089	0.096	0.100	0.715
0.067	0.084	0.660	0.189
