>TCTCTSGCTCTC	3-GAGAGCSAGAGA	8.317144	-132.111968	0	T:277.0(14.90%),B:2079.8(4.99%),P:1e-57
0.001	0.001	0.036	0.962
0.090	0.684	0.104	0.122
0.091	0.018	0.145	0.746
0.126	0.682	0.090	0.102
0.001	0.246	0.018	0.735
0.037	0.426	0.312	0.226
0.001	0.035	0.963	0.001
0.099	0.672	0.056	0.173
0.117	0.068	0.090	0.725
0.018	0.626	0.072	0.284
0.071	0.001	0.001	0.927
0.001	0.868	0.095	0.036
