>TGTATGTATGTA	11-TGTATGTATGTA	7.569714	-40.985774	0	T:233.0(12.53%),B:2863.0(6.87%),P:1e-17
0.077	0.038	0.030	0.855
0.012	0.040	0.816	0.132
0.127	0.060	0.072	0.741
0.718	0.142	0.050	0.090
0.137	0.030	0.030	0.803
0.050	0.113	0.681	0.156
0.162	0.070	0.060	0.708
0.703	0.064	0.093	0.140
0.110	0.040	0.020	0.830
0.043	0.068	0.734	0.155
0.195	0.080	0.082	0.643
0.808	0.060	0.068	0.064
