>CACTCACACACA	20-CACTCACACACA	9.310592	-21.141918	0	T:131.0(7.05%),B:1663.5(3.99%),P:1e-9
0.061	0.865	0.037	0.037
0.902	0.037	0.024	0.037
0.061	0.829	0.037	0.073
0.001	0.001	0.109	0.889
0.073	0.793	0.037	0.097
0.857	0.024	0.082	0.037
0.036	0.927	0.001	0.036
0.821	0.060	0.118	0.001
0.037	0.873	0.061	0.029
0.720	0.097	0.073	0.110
0.037	0.691	0.199	0.073
0.830	0.024	0.073	0.073
