>CGCTCTCTCTCG	4-CGCTCTCTCTCG	8.014078	-119.733249	0	T:258.0(13.88%),B:1967.2(4.72%),P:1e-51
0.086	0.679	0.086	0.149
0.034	0.103	0.862	0.001
0.123	0.709	0.034	0.134
0.078	0.080	0.069	0.773
0.063	0.702	0.147	0.088
0.115	0.103	0.082	0.700
0.129	0.655	0.086	0.130
0.046	0.086	0.052	0.816
0.089	0.672	0.132	0.107
0.086	0.034	0.123	0.757
0.103	0.811	0.017	0.069
0.011	0.052	0.868	0.069
