>ATTTYCGCTYTC	13-GARAGCGRAAAT	8.474419	-38.091588	0	T:119.0(6.40%),B:1124.0(2.70%),P:1e-16
0.984	0.001	0.001	0.014
0.219	0.158	0.001	0.622
0.102	0.001	0.001	0.896
0.073	0.096	0.001	0.830
0.001	0.535	0.001	0.463
0.050	0.686	0.088	0.176
0.085	0.339	0.575	0.001
0.310	0.656	0.001	0.033
0.001	0.014	0.001	0.984
0.109	0.312	0.168	0.411
0.001	0.167	0.192	0.640
0.111	0.684	0.001	0.204
