>TCGGATCGGATC	19-GATCCGATCCGA	7.902051	-25.279387	0	T:74.0(3.98%),B:682.0(1.64%),P:1e-10
0.001	0.029	0.150	0.820
0.001	0.715	0.260	0.024
0.035	0.281	0.607	0.077
0.085	0.158	0.747	0.010
0.604	0.170	0.001	0.225
0.065	0.041	0.049	0.845
0.001	0.744	0.141	0.114
0.016	0.287	0.648	0.049
0.088	0.119	0.727	0.066
0.681	0.083	0.100	0.136
0.123	0.001	0.106	0.770
0.001	0.833	0.075	0.091
