>AGAGAGAGAGGG	14-AGAGAGAGAGGG	8.095229	-10.789938	0	T:17.0(7.23%),B:1040.2(2.19%),P:1e-4
0.729	0.085	0.087	0.099
0.183	0.068	0.660	0.089
0.889	0.017	0.019	0.075
0.077	0.001	0.848	0.074
0.835	0.058	0.077	0.030
0.053	0.001	0.869	0.077
0.721	0.083	0.087	0.109
0.058	0.077	0.807	0.058
0.695	0.082	0.074	0.149
0.121	0.055	0.747	0.077
0.295	0.150	0.461	0.094
0.053	0.055	0.741	0.151
