>YAATTTATTC	1-YAATTTATTC	10.177535	-25.683975	0	T:10.0(17.54%),B:327.6(0.68%),P:1e-11	Tpos:81.5,Tstd:36.0,Bpos:72.0,Bstd:49.6,StrandBias:0.0,Multiplicity:1.00
0.271	0.298	0.001	0.430
0.997	0.001	0.001	0.001
0.665	0.001	0.333	0.001
0.001	0.148	0.001	0.850
0.001	0.001	0.333	0.665
0.001	0.001	0.001	0.997
0.997	0.001	0.001	0.001
0.001	0.001	0.001	0.997
0.001	0.001	0.001	0.997
0.001	0.997	0.001	0.001
>CCATTACACC	2-CCATTACACC	11.238254	-22.554939	0	T:6.0(10.53%),B:62.6(0.13%),P:1e-9	Tpos:60.8,Tstd:40.5,Bpos:74.5,Bstd:42.9,StrandBias:10.0,Multiplicity:1.00
0.001	0.997	0.001	0.001
0.001	0.997	0.001	0.001
0.997	0.001	0.001	0.001
0.001	0.174	0.001	0.824
0.001	0.001	0.001	0.997
0.857	0.001	0.001	0.141
0.158	0.653	0.001	0.188
0.997	0.001	0.001	0.001
0.160	0.838	0.001	0.001
0.001	0.997	0.001	0.001
>CTAWTKTATG	3-CTAWTKTATG	9.479036	-19.503271	0	T:10.0(17.54%),B:623.9(1.30%),P:1e-8	Tpos:61.7,Tstd:37.1,Bpos:75.8,Bstd:49.5,StrandBias:0.0,Multiplicity:1.20
0.001	0.799	0.199	0.001
0.189	0.001	0.001	0.809
0.997	0.001	0.001	0.001
0.443	0.001	0.246	0.310
0.001	0.001	0.001	0.997
0.001	0.001	0.444	0.554
0.188	0.001	0.001	0.810
0.798	0.001	0.200	0.001
0.001	0.001	0.001	0.997
0.210	0.001	0.751	0.038
>GTTTATATGC	4-GTTTATATGC	9.065178	-16.791738	0	T:8.0(14.04%),B:435.8(0.91%),P:1e-7	Tpos:70.2,Tstd:40.5,Bpos:75.5,Bstd:53.2,StrandBias:1.0,Multiplicity:1.12
0.001	0.001	0.997	0.001
0.001	0.001	0.001	0.997
0.001	0.001	0.001	0.997
0.001	0.001	0.029	0.969
0.701	0.001	0.001	0.297
0.001	0.001	0.001	0.997
0.714	0.001	0.025	0.260
0.001	0.001	0.001	0.997
0.334	0.001	0.664	0.001
0.001	0.972	0.001	0.026
>CATGCCATGC	5-CATGCCATGC	10.296193	-3.855109	0	T:1.0(1.75%),B:19.0(0.04%),P:1e-1	Tpos:123.0,Tstd:0.0,Bpos:89.3,Bstd:45.5,StrandBias:10.0,Multiplicity:1.00
0.100	0.700	0.100	0.100
0.700	0.100	0.100	0.100
0.100	0.100	0.100	0.700
0.100	0.100	0.700	0.100
0.100	0.700	0.100	0.100
0.100	0.700	0.100	0.100
0.700	0.100	0.100	0.100
0.100	0.100	0.100	0.700
0.100	0.100	0.700	0.100
0.100	0.700	0.100	0.100
>GAGAGAGAGA	6-GAGAGAGAGA	13.255882	-3.663435	0	T:2.0(3.51%),B:208.3(0.43%),P:1e-1	Tpos:90.2,Tstd:6.0,Bpos:76.5,Bstd:40.8,StrandBias:10.0,Multiplicity:1.00
0.045	0.001	0.896	0.058
0.940	0.001	0.001	0.058
0.001	0.001	0.929	0.069
0.938	0.001	0.001	0.060
0.001	0.001	0.937	0.061
0.997	0.001	0.001	0.001
0.001	0.064	0.934	0.001
0.950	0.048	0.001	0.001
0.001	0.061	0.937	0.001
0.956	0.042	0.001	0.001
