>YAATTTATTC	1-YAATTTATTC	10.177535	-25.683975	0	T:10.0(17.54%),B:327.6(0.68%),P:1e-11	Tpos:81.5,Tstd:36.0,Bpos:72.0,Bstd:49.6,StrandBias:0.0,Multiplicity:1.00
0.271	0.298	0.001	0.430
0.997	0.001	0.001	0.001
0.665	0.001	0.333	0.001
0.001	0.148	0.001	0.850
0.001	0.001	0.333	0.665
0.001	0.001	0.001	0.997
0.997	0.001	0.001	0.001
0.001	0.001	0.001	0.997
0.001	0.001	0.001	0.997
0.001	0.997	0.001	0.001
>CCATTACACC	2-CCATTACACC	11.238254	-22.554939	0	T:6.0(10.53%),B:62.6(0.13%),P:1e-9	Tpos:60.8,Tstd:40.5,Bpos:74.5,Bstd:42.9,StrandBias:10.0,Multiplicity:1.00
0.001	0.997	0.001	0.001
0.001	0.997	0.001	0.001
0.997	0.001	0.001	0.001
0.001	0.174	0.001	0.824
0.001	0.001	0.001	0.997
0.857	0.001	0.001	0.141
0.158	0.653	0.001	0.188
0.997	0.001	0.001	0.001
0.160	0.838	0.001	0.001
0.001	0.997	0.001	0.001
>CTAWTKTATG	3-CTAWTKTATG	9.479036	-19.503271	0	T:10.0(17.54%),B:623.9(1.30%),P:1e-8	Tpos:61.7,Tstd:37.1,Bpos:75.8,Bstd:49.5,StrandBias:0.0,Multiplicity:1.20
0.001	0.799	0.199	0.001
0.189	0.001	0.001	0.809
0.997	0.001	0.001	0.001
0.443	0.001	0.246	0.310
0.001	0.001	0.001	0.997
0.001	0.001	0.444	0.554
0.188	0.001	0.001	0.810
0.798	0.001	0.200	0.001
0.001	0.001	0.001	0.997
0.210	0.001	0.751	0.038
>GTTTATATGC	4-GTTTATATGC	9.065178	-16.791738	0	T:8.0(14.04%),B:435.8(0.91%),P:1e-7	Tpos:70.2,Tstd:40.5,Bpos:75.5,Bstd:53.2,StrandBias:1.0,Multiplicity:1.12
0.001	0.001	0.997	0.001
0.001	0.001	0.001	0.997
0.001	0.001	0.001	0.997
0.001	0.001	0.029	0.969
0.701	0.001	0.001	0.297
0.001	0.001	0.001	0.997
0.714	0.001	0.025	0.260
0.001	0.001	0.001	0.997
0.334	0.001	0.664	0.001
0.001	0.972	0.001	0.026
>CATGCCATGC	5-CATGCCATGC	10.296193	-3.855109	0	T:1.0(1.75%),B:19.0(0.04%),P:1e-1	Tpos:123.0,Tstd:0.0,Bpos:89.3,Bstd:45.5,StrandBias:10.0,Multiplicity:1.00
0.100	0.700	0.100	0.100
0.700	0.100	0.100	0.100
0.100	0.100	0.100	0.700
0.100	0.100	0.700	0.100
0.100	0.700	0.100	0.100
0.100	0.700	0.100	0.100
0.700	0.100	0.100	0.100
0.100	0.100	0.100	0.700
0.100	0.100	0.700	0.100
0.100	0.700	0.100	0.100
>GAGAGAGAGA	6-GAGAGAGAGA	13.255882	-3.663435	0	T:2.0(3.51%),B:208.3(0.43%),P:1e-1	Tpos:90.2,Tstd:6.0,Bpos:76.5,Bstd:40.8,StrandBias:10.0,Multiplicity:1.00
0.045	0.001	0.896	0.058
0.940	0.001	0.001	0.058
0.001	0.001	0.929	0.069
0.938	0.001	0.001	0.060
0.001	0.001	0.937	0.061
0.997	0.001	0.001	0.001
0.001	0.064	0.934	0.001
0.950	0.048	0.001	0.001
0.001	0.061	0.937	0.001
0.956	0.042	0.001	0.001
>CTSCATTTGCAW	1-CTSCATTTGCAW	11.781082	-24.493890	0	T:8.0(14.04%),B:161.2(0.34%),P:1e-10	Tpos:103.3,Tstd:36.6,Bpos:75.7,Bstd:50.8,StrandBias:-1.8,Multiplicity:1.12
0.001	0.831	0.001	0.167
0.001	0.009	0.001	0.989
0.001	0.437	0.561	0.001
0.223	0.775	0.001	0.001
0.997	0.001	0.001	0.001
0.001	0.001	0.001	0.997
0.001	0.001	0.001	0.997
0.001	0.001	0.001	0.997
0.001	0.162	0.836	0.001
0.001	0.612	0.386	0.001
0.622	0.001	0.001	0.376
0.427	0.001	0.001	0.571
>TCTAATTTGAAT	2-TCTAATTTGAAT	7.437257	-16.775951	0	T:6.0(10.53%),B:165.2(0.34%),P:1e-7	Tpos:86.2,Tstd:18.1,Bpos:70.4,Bstd:45.3,StrandBias:0.0,Multiplicity:1.17
0.067	0.001	0.001	0.931
0.001	0.997	0.001	0.001
0.001	0.001	0.001	0.997
0.870	0.001	0.128	0.001
0.997	0.001	0.001	0.001
0.001	0.001	0.001	0.997
0.001	0.001	0.001	0.997
0.001	0.001	0.128	0.870
0.001	0.001	0.997	0.001
0.997	0.001	0.001	0.001
0.997	0.001	0.001	0.001
0.001	0.001	0.060	0.938
>ATRCCATACCAT	3-ATRCCATACCAT	9.616669	-13.823262	0	T:5.0(8.77%),B:147.1(0.31%),P:1e-6	Tpos:106.2,Tstd:36.1,Bpos:81.0,Bstd:46.5,StrandBias:1.8,Multiplicity:1.20
0.997	0.001	0.001	0.001
0.001	0.001	0.001	0.997
0.511	0.001	0.487	0.001
0.013	0.985	0.001	0.001
0.001	0.997	0.001	0.001
0.743	0.001	0.255	0.001
0.001	0.255	0.001	0.743
0.730	0.001	0.268	0.001
0.255	0.743	0.001	0.001
0.194	0.804	0.001	0.001
0.804	0.001	0.001	0.194
0.001	0.001	0.001	0.997
>AGAGAKAGAGAG	4-AGAGAKAGAGAG	12.796700	-6.079945	0	T:3.0(5.26%),B:218.8(0.46%),P:1e-2	Tpos:94.7,Tstd:15.2,Bpos:76.6,Bstd:40.9,StrandBias:10.0,Multiplicity:1.50
0.503	0.248	0.001	0.248
0.248	0.001	0.520	0.231
0.997	0.001	0.001	0.001
0.001	0.001	0.993	0.005
0.997	0.001	0.001	0.001
0.001	0.001	0.519	0.479
0.997	0.001	0.001	0.001
0.001	0.001	0.997	0.001
0.994	0.004	0.001	0.001
0.001	0.001	0.767	0.231
0.994	0.004	0.001	0.001
0.231	0.001	0.767	0.001
>GTGAGAGAGAGA	5-GTGAGAGAGAGA	12.355432	-4.177620	0	T:1.0(1.75%),B:13.8(0.03%),P:1e-1	Tpos:94.0,Tstd:0.0,Bpos:68.2,Bstd:47.5,StrandBias:10.0,Multiplicity:1.00
0.100	0.100	0.700	0.100
0.100	0.100	0.100	0.700
0.100	0.100	0.700	0.100
0.700	0.100	0.100	0.100
0.100	0.100	0.700	0.100
0.700	0.100	0.100	0.100
0.100	0.100	0.700	0.100
0.700	0.100	0.100	0.100
0.100	0.100	0.700	0.100
0.700	0.100	0.100	0.100
0.100	0.100	0.700	0.100
0.700	0.100	0.100	0.100
>AACCGGCG	1-AACCGGCG	7.328214	-17.608140	0	T:12.0(21.05%),B:1246.8(2.60%),P:1e-7	Tpos:57.9,Tstd:39.0,Bpos:75.4,Bstd:47.1,StrandBias:0.5,Multiplicity:1.00
0.937	0.061	0.001	0.001
0.717	0.107	0.098	0.078
0.001	0.997	0.001	0.001
0.001	0.847	0.001	0.151
0.416	0.001	0.582	0.001
0.154	0.086	0.659	0.101
0.001	0.879	0.119	0.001
0.001	0.001	0.814	0.184
>AATAAATT	2-AATAAATT	6.394408	-13.522379	0	T:17.0(29.82%),B:3828.6(7.98%),P:1e-5	Tpos:77.0,Tstd:38.5,Bpos:75.7,Bstd:47.5,StrandBias:0.6,Multiplicity:1.18
0.908	0.090	0.001	0.001
0.683	0.315	0.001	0.001
0.001	0.001	0.001	0.997
0.997	0.001	0.001	0.001
0.997	0.001	0.001	0.001
0.671	0.001	0.327	0.001
0.001	0.001	0.001	0.997
0.001	0.001	0.001	0.997
>GTAATGGG	3-GTAATGGG	8.804220	-13.365579	0	T:8.0(14.04%),B:687.7(1.43%),P:1e-5	Tpos:67.9,Tstd:38.2,Bpos:75.0,Bstd:45.1,StrandBias:-1.0,Multiplicity:1.12
0.001	0.001	0.997	0.001
0.001	0.001	0.001	0.997
0.997	0.001	0.001	0.001
0.458	0.268	0.272	0.001
0.001	0.001	0.001	0.997
0.001	0.001	0.997	0.001
0.001	0.001	0.997	0.001
0.232	0.001	0.541	0.226
>GAATGCAA	4-GAATGCAA	6.205068	-11.350126	0	T:24.0(42.11%),B:8370.1(17.45%),P:1e-4	Tpos:77.4,Tstd:45.5,Bpos:75.3,Bstd:47.4,StrandBias:0.4,Multiplicity:1.17
0.054	0.001	0.912	0.033
0.906	0.034	0.059	0.001
0.913	0.046	0.001	0.040
0.085	0.054	0.048	0.813
0.040	0.049	0.678	0.233
0.024	0.899	0.031	0.046
0.906	0.001	0.034	0.059
0.997	0.001	0.001	0.001
>GAGAGAGA	5-GAGAGAGA	7.591926	-3.961345	0	T:5.0(8.77%),B:1300.0(2.71%),P:1e-1	Tpos:92.6,Tstd:20.2,Bpos:75.9,Bstd:45.5,StrandBias:3.2,Multiplicity:1.80
0.001	0.001	0.956	0.042
0.956	0.001	0.001	0.042
0.001	0.001	0.956	0.042
0.910	0.001	0.047	0.042
0.001	0.045	0.908	0.046
0.954	0.001	0.001	0.044
0.001	0.043	0.955	0.001
0.997	0.001	0.001	0.001
