>AACCGGCG	1-AACCGGCG	7.328214	-17.608140	0	T:12.0(21.05%),B:1246.8(2.60%),P:1e-7	Tpos:57.9,Tstd:39.0,Bpos:75.4,Bstd:47.1,StrandBias:0.5,Multiplicity:1.00
0.937	0.061	0.001	0.001
0.717	0.107	0.098	0.078
0.001	0.997	0.001	0.001
0.001	0.847	0.001	0.151
0.416	0.001	0.582	0.001
0.154	0.086	0.659	0.101
0.001	0.879	0.119	0.001
0.001	0.001	0.814	0.184
>AATAAATT	2-AATAAATT	6.394408	-13.522379	0	T:17.0(29.82%),B:3828.6(7.98%),P:1e-5	Tpos:77.0,Tstd:38.5,Bpos:75.7,Bstd:47.5,StrandBias:0.6,Multiplicity:1.18
0.908	0.090	0.001	0.001
0.683	0.315	0.001	0.001
0.001	0.001	0.001	0.997
0.997	0.001	0.001	0.001
0.997	0.001	0.001	0.001
0.671	0.001	0.327	0.001
0.001	0.001	0.001	0.997
0.001	0.001	0.001	0.997
>GTAATGGG	3-GTAATGGG	8.804220	-13.365579	0	T:8.0(14.04%),B:687.7(1.43%),P:1e-5	Tpos:67.9,Tstd:38.2,Bpos:75.0,Bstd:45.1,StrandBias:-1.0,Multiplicity:1.12
0.001	0.001	0.997	0.001
0.001	0.001	0.001	0.997
0.997	0.001	0.001	0.001
0.458	0.268	0.272	0.001
0.001	0.001	0.001	0.997
0.001	0.001	0.997	0.001
0.001	0.001	0.997	0.001
0.232	0.001	0.541	0.226
>GAATGCAA	4-GAATGCAA	6.205068	-11.350126	0	T:24.0(42.11%),B:8370.1(17.45%),P:1e-4	Tpos:77.4,Tstd:45.5,Bpos:75.3,Bstd:47.4,StrandBias:0.4,Multiplicity:1.17
0.054	0.001	0.912	0.033
0.906	0.034	0.059	0.001
0.913	0.046	0.001	0.040
0.085	0.054	0.048	0.813
0.040	0.049	0.678	0.233
0.024	0.899	0.031	0.046
0.906	0.001	0.034	0.059
0.997	0.001	0.001	0.001
>GAGAGAGA	5-GAGAGAGA	7.591926	-3.961345	0	T:5.0(8.77%),B:1300.0(2.71%),P:1e-1	Tpos:92.6,Tstd:20.2,Bpos:75.9,Bstd:45.5,StrandBias:3.2,Multiplicity:1.80
0.001	0.001	0.956	0.042
0.956	0.001	0.001	0.042
0.001	0.001	0.956	0.042
0.910	0.001	0.047	0.042
0.001	0.045	0.908	0.046
0.954	0.001	0.001	0.044
0.001	0.043	0.955	0.001
0.997	0.001	0.001	0.001
