>CTSCATTTGCAW	1-CTSCATTTGCAW	11.781082	-24.493890	0	T:8.0(14.04%),B:161.2(0.34%),P:1e-10	Tpos:103.3,Tstd:36.6,Bpos:75.7,Bstd:50.8,StrandBias:-1.8,Multiplicity:1.12
0.001	0.831	0.001	0.167
0.001	0.009	0.001	0.989
0.001	0.437	0.561	0.001
0.223	0.775	0.001	0.001
0.997	0.001	0.001	0.001
0.001	0.001	0.001	0.997
0.001	0.001	0.001	0.997
0.001	0.001	0.001	0.997
0.001	0.162	0.836	0.001
0.001	0.612	0.386	0.001
0.622	0.001	0.001	0.376
0.427	0.001	0.001	0.571
>TCTAATTTGAAT	2-TCTAATTTGAAT	7.437257	-16.775951	0	T:6.0(10.53%),B:165.2(0.34%),P:1e-7	Tpos:86.2,Tstd:18.1,Bpos:70.4,Bstd:45.3,StrandBias:0.0,Multiplicity:1.17
0.067	0.001	0.001	0.931
0.001	0.997	0.001	0.001
0.001	0.001	0.001	0.997
0.870	0.001	0.128	0.001
0.997	0.001	0.001	0.001
0.001	0.001	0.001	0.997
0.001	0.001	0.001	0.997
0.001	0.001	0.128	0.870
0.001	0.001	0.997	0.001
0.997	0.001	0.001	0.001
0.997	0.001	0.001	0.001
0.001	0.001	0.060	0.938
>ATRCCATACCAT	3-ATRCCATACCAT	9.616669	-13.823262	0	T:5.0(8.77%),B:147.1(0.31%),P:1e-6	Tpos:106.2,Tstd:36.1,Bpos:81.0,Bstd:46.5,StrandBias:1.8,Multiplicity:1.20
0.997	0.001	0.001	0.001
0.001	0.001	0.001	0.997
0.511	0.001	0.487	0.001
0.013	0.985	0.001	0.001
0.001	0.997	0.001	0.001
0.743	0.001	0.255	0.001
0.001	0.255	0.001	0.743
0.730	0.001	0.268	0.001
0.255	0.743	0.001	0.001
0.194	0.804	0.001	0.001
0.804	0.001	0.001	0.194
0.001	0.001	0.001	0.997
>AGAGAKAGAGAG	4-AGAGAKAGAGAG	12.796700	-6.079945	0	T:3.0(5.26%),B:218.8(0.46%),P:1e-2	Tpos:94.7,Tstd:15.2,Bpos:76.6,Bstd:40.9,StrandBias:10.0,Multiplicity:1.50
0.503	0.248	0.001	0.248
0.248	0.001	0.520	0.231
0.997	0.001	0.001	0.001
0.001	0.001	0.993	0.005
0.997	0.001	0.001	0.001
0.001	0.001	0.519	0.479
0.997	0.001	0.001	0.001
0.001	0.001	0.997	0.001
0.994	0.004	0.001	0.001
0.001	0.001	0.767	0.231
0.994	0.004	0.001	0.001
0.231	0.001	0.767	0.001
>GTGAGAGAGAGA	5-GTGAGAGAGAGA	12.355432	-4.177620	0	T:1.0(1.75%),B:13.8(0.03%),P:1e-1	Tpos:94.0,Tstd:0.0,Bpos:68.2,Bstd:47.5,StrandBias:10.0,Multiplicity:1.00
0.100	0.100	0.700	0.100
0.100	0.100	0.100	0.700
0.100	0.100	0.700	0.100
0.700	0.100	0.100	0.100
0.100	0.100	0.700	0.100
0.700	0.100	0.100	0.100
0.100	0.100	0.700	0.100
0.700	0.100	0.100	0.100
0.100	0.100	0.700	0.100
0.700	0.100	0.100	0.100
0.100	0.100	0.700	0.100
0.700	0.100	0.100	0.100
