>GKTTTATTYG	1-GKTTTATTYG	9.113253	-15.199508	0	T:7.0(19.44%),B:545.5(1.22%),P:1e-6	Tpos:79.2,Tstd:40.1,Bpos:76.1,Bstd:46.8,StrandBias:1.6,Multiplicity:1.14
0.001	0.329	0.562	0.108
0.001	0.001	0.541	0.457
0.001	0.001	0.001	0.997
0.001	0.136	0.001	0.862
0.001	0.001	0.001	0.997
0.987	0.001	0.011	0.001
0.243	0.001	0.021	0.735
0.105	0.355	0.001	0.539
0.001	0.556	0.001	0.442
0.122	0.309	0.568	0.001
>CTTATCTTTT	2-CTTATCTTTT	8.537463	-11.452568	0	T:6.0(16.67%),B:628.1(1.41%),P:1e-4	Tpos:67.7,Tstd:35.6,Bpos:76.9,Bstd:47.4,StrandBias:1.3,Multiplicity:1.17
0.001	0.997	0.001	0.001
0.001	0.001	0.001	0.997
0.001	0.001	0.001	0.997
0.795	0.175	0.001	0.029
0.001	0.204	0.001	0.794
0.001	0.840	0.001	0.158
0.001	0.001	0.001	0.997
0.001	0.001	0.001	0.997
0.001	0.001	0.001	0.997
0.001	0.001	0.001	0.997
>TGGCCAACGG	3-TGGCCAACGG	11.615986	-10.892921	0	T:3.0(8.33%),B:62.1(0.14%),P:1e-4	Tpos:94.7,Tstd:12.1,Bpos:73.8,Bstd:37.8,StrandBias:1.0,Multiplicity:1.00
0.001	0.001	0.001	0.997
0.001	0.001	0.997	0.001
0.001	0.001	0.997	0.001
0.001	0.997	0.001	0.001
0.001	0.754	0.244	0.001
0.997	0.001	0.001	0.001
0.997	0.001	0.001	0.001
0.001	0.997	0.001	0.001
0.177	0.001	0.661	0.161
0.001	0.189	0.809	0.001
>CTCTCTCTCT	4-CTCTCTCTCT	3.527462	-8.154833	0	T:12.0(33.33%),B:4865.7(10.92%),P:1e-3	Tpos:64.5,Tstd:42.4,Bpos:74.0,Bstd:69.0,StrandBias:2.5,Multiplicity:1.58
0.001	0.997	0.001	0.001
0.357	0.001	0.001	0.641
0.357	0.641	0.001	0.001
0.001	0.285	0.001	0.713
0.001	0.997	0.001	0.001
0.001	0.277	0.285	0.437
0.001	0.997	0.001	0.001
0.001	0.001	0.356	0.642
0.001	0.997	0.001	0.001
0.001	0.001	0.001	0.997
>AGTATGGTTG	5-AGTATGGTTG	10.296193	-7.121331	0	T:1.0(2.78%),B:1.8(0.00%),P:1e-3	Tpos:28.0,Tstd:0.0,Bpos:91.5,Bstd:21.3,StrandBias:10.0,Multiplicity:1.00
0.700	0.100	0.100	0.100
0.100	0.100	0.700	0.100
0.100	0.100	0.100	0.700
0.700	0.100	0.100	0.100
0.100	0.100	0.100	0.700
0.100	0.100	0.700	0.100
0.100	0.100	0.700	0.100
0.100	0.100	0.100	0.700
0.100	0.100	0.100	0.700
0.100	0.100	0.700	0.100
