>CGAATAAA	1-CGAATAAA	6.430947	-12.506004	0	T:10.0(27.78%),B:2058.5(4.62%),P:1e-5	Tpos:86.9,Tstd:37.9,Bpos:74.0,Bstd:47.7,StrandBias:-0.8,Multiplicity:1.10
0.001	0.914	0.084	0.001
0.001	0.001	0.997	0.001
0.764	0.001	0.142	0.093
0.899	0.001	0.001	0.099
0.001	0.001	0.001	0.997
0.894	0.001	0.001	0.104
0.997	0.001	0.001	0.001
0.997	0.001	0.001	0.001
>CTATCATT	2-CTATCATT	7.674523	-10.386506	0	T:7.0(19.44%),B:1138.1(2.55%),P:1e-4	Tpos:76.0,Tstd:37.3,Bpos:72.0,Bstd:48.2,StrandBias:10.0,Multiplicity:1.14
0.001	0.878	0.062	0.059
0.001	0.089	0.001	0.909
0.770	0.033	0.196	0.001
0.001	0.079	0.001	0.919
0.158	0.762	0.001	0.079
0.772	0.001	0.226	0.001
0.077	0.113	0.118	0.692
0.123	0.001	0.001	0.875
>GYTCTATT	3-GYTCTATT	6.705128	-7.881086	0	T:12.0(33.33%),B:5010.1(11.24%),P:1e-3	Tpos:67.8,Tstd:39.5,Bpos:75.2,Bstd:54.2,StrandBias:1.3,Multiplicity:1.42
0.001	0.221	0.777	0.001
0.001	0.551	0.001	0.447
0.001	0.001	0.001	0.997
0.001	0.783	0.215	0.001
0.001	0.001	0.001	0.997
0.663	0.114	0.222	0.001
0.329	0.001	0.001	0.669
0.001	0.001	0.001	0.997
>GTCCCCTC	4-GTCCCCTC	10.263970	-6.940944	0	T:2.0(5.56%),B:57.0(0.13%),P:1e-3	Tpos:70.0,Tstd:58.0,Bpos:62.4,Bstd:50.1,StrandBias:0.0,Multiplicity:1.00
0.118	0.001	0.880	0.001
0.240	0.001	0.001	0.758
0.001	0.997	0.001	0.001
0.001	0.997	0.001	0.001
0.001	0.997	0.001	0.001
0.001	0.997	0.001	0.001
0.240	0.001	0.001	0.758
0.122	0.876	0.001	0.001
>WCTCTCTC	5-WCTCTCTC	5.666298	-5.576544	0	T:12.0(33.33%),B:6500.7(14.59%),P:1e-2	Tpos:65.4,Tstd:43.7,Bpos:74.1,Bstd:67.5,StrandBias:2.1,Multiplicity:1.67
0.328	0.080	0.125	0.468
0.001	0.740	0.089	0.170
0.110	0.150	0.089	0.651
0.066	0.841	0.001	0.092
0.001	0.206	0.311	0.483
0.028	0.711	0.038	0.223
0.114	0.071	0.139	0.676
0.143	0.594	0.022	0.241
