>TGCGGATCAATT	1-TGCGGATCAATT	11.047524	-13.052972	0	T:3.0(8.33%),B:30.7(0.07%),P:1e-5	Tpos:96.3,Tstd:21.7,Bpos:80.2,Bstd:33.4,StrandBias:1.0,Multiplicity:1.00
0.247	0.001	0.010	0.742
0.001	0.001	0.752	0.246
0.001	0.776	0.222	0.001
0.001	0.001	0.987	0.011
0.001	0.001	0.752	0.246
0.494	0.282	0.001	0.223
0.001	0.001	0.001	0.997
0.001	0.997	0.001	0.001
0.776	0.001	0.001	0.222
0.752	0.001	0.246	0.001
0.247	0.247	0.001	0.505
0.246	0.001	0.001	0.752
>GTTVGCGAACGG	2-GTTVGCGAACGG	10.893289	-12.955158	0	T:3.0(8.33%),B:31.9(0.07%),P:1e-5	Tpos:54.5,Tstd:31.2,Bpos:65.0,Bstd:49.2,StrandBias:1.6,Multiplicity:1.00
0.318	0.001	0.680	0.001
0.001	0.001	0.318	0.680
0.001	0.001	0.001	0.997
0.318	0.318	0.363	0.001
0.001	0.001	0.997	0.001
0.001	0.997	0.001	0.001
0.001	0.044	0.637	0.318
0.997	0.001	0.001	0.001
0.997	0.001	0.001	0.001
0.001	0.997	0.001	0.001
0.328	0.001	0.661	0.010
0.001	0.012	0.669	0.318
>CTCTCGCTCTCT	3-CTCTCGCTCTCT	8.463612	-8.108231	0	T:8.0(22.22%),B:2193.9(4.92%),P:1e-3	Tpos:57.9,Tstd:41.1,Bpos:73.4,Bstd:72.8,StrandBias:2.2,Multiplicity:1.62
0.100	0.700	0.100	0.100
0.100	0.100	0.100	0.700
0.100	0.700	0.100	0.100
0.100	0.100	0.100	0.700
0.100	0.700	0.100	0.100
0.100	0.100	0.700	0.100
0.100	0.700	0.100	0.100
0.100	0.100	0.100	0.700
0.100	0.700	0.100	0.100
0.100	0.100	0.100	0.700
0.100	0.700	0.100	0.100
0.100	0.100	0.100	0.700
>ATATATATAATA	4-ATATATATAATA	14.450100	-7.356504	0	T:3.0(8.33%),B:207.9(0.47%),P:1e-3	Tpos:37.3,Tstd:22.7,Bpos:68.0,Bstd:66.4,StrandBias:-1.0,Multiplicity:1.00
0.997	0.001	0.001	0.001
0.001	0.001	0.001	0.997
0.997	0.001	0.001	0.001
0.235	0.001	0.001	0.763
0.759	0.001	0.001	0.239
0.001	0.001	0.001	0.997
0.997	0.001	0.001	0.001
0.001	0.001	0.001	0.997
0.907	0.001	0.001	0.091
0.895	0.001	0.001	0.103
0.001	0.001	0.001	0.997
0.793	0.001	0.001	0.205
>TTTTGCGAGGGA	5-TTTTGCGAGGGA	12.355432	-7.121331	0	T:1.0(2.78%),B:1.8(0.00%),P:1e-3	Tpos:48.0,Tstd:0.0,Bpos:31.8,Bstd:31.8,StrandBias:10.0,Multiplicity:1.00
0.100	0.100	0.100	0.700
0.100	0.100	0.100	0.700
0.100	0.100	0.100	0.700
0.100	0.100	0.100	0.700
0.100	0.100	0.700	0.100
0.100	0.700	0.100	0.100
0.100	0.100	0.700	0.100
0.700	0.100	0.100	0.100
0.100	0.100	0.700	0.100
0.100	0.100	0.700	0.100
0.100	0.100	0.700	0.100
0.700	0.100	0.100	0.100
