>GKTTTATTYG	1-GKTTTATTYG	9.113253	-15.199508	0	T:7.0(19.44%),B:545.5(1.22%),P:1e-6	Tpos:79.2,Tstd:40.1,Bpos:76.1,Bstd:46.8,StrandBias:1.6,Multiplicity:1.14
0.001	0.329	0.562	0.108
0.001	0.001	0.541	0.457
0.001	0.001	0.001	0.997
0.001	0.136	0.001	0.862
0.001	0.001	0.001	0.997
0.987	0.001	0.011	0.001
0.243	0.001	0.021	0.735
0.105	0.355	0.001	0.539
0.001	0.556	0.001	0.442
0.122	0.309	0.568	0.001
>CTTATCTTTT	2-CTTATCTTTT	8.537463	-11.452568	0	T:6.0(16.67%),B:628.1(1.41%),P:1e-4	Tpos:67.7,Tstd:35.6,Bpos:76.9,Bstd:47.4,StrandBias:1.3,Multiplicity:1.17
0.001	0.997	0.001	0.001
0.001	0.001	0.001	0.997
0.001	0.001	0.001	0.997
0.795	0.175	0.001	0.029
0.001	0.204	0.001	0.794
0.001	0.840	0.001	0.158
0.001	0.001	0.001	0.997
0.001	0.001	0.001	0.997
0.001	0.001	0.001	0.997
0.001	0.001	0.001	0.997
>TGGCCAACGG	3-TGGCCAACGG	11.615986	-10.892921	0	T:3.0(8.33%),B:62.1(0.14%),P:1e-4	Tpos:94.7,Tstd:12.1,Bpos:73.8,Bstd:37.8,StrandBias:1.0,Multiplicity:1.00
0.001	0.001	0.001	0.997
0.001	0.001	0.997	0.001
0.001	0.001	0.997	0.001
0.001	0.997	0.001	0.001
0.001	0.754	0.244	0.001
0.997	0.001	0.001	0.001
0.997	0.001	0.001	0.001
0.001	0.997	0.001	0.001
0.177	0.001	0.661	0.161
0.001	0.189	0.809	0.001
>CTCTCTCTCT	4-CTCTCTCTCT	3.527462	-8.154833	0	T:12.0(33.33%),B:4865.7(10.92%),P:1e-3	Tpos:64.5,Tstd:42.4,Bpos:74.0,Bstd:69.0,StrandBias:2.5,Multiplicity:1.58
0.001	0.997	0.001	0.001
0.357	0.001	0.001	0.641
0.357	0.641	0.001	0.001
0.001	0.285	0.001	0.713
0.001	0.997	0.001	0.001
0.001	0.277	0.285	0.437
0.001	0.997	0.001	0.001
0.001	0.001	0.356	0.642
0.001	0.997	0.001	0.001
0.001	0.001	0.001	0.997
>AGTATGGTTG	5-AGTATGGTTG	10.296193	-7.121331	0	T:1.0(2.78%),B:1.8(0.00%),P:1e-3	Tpos:28.0,Tstd:0.0,Bpos:91.5,Bstd:21.3,StrandBias:10.0,Multiplicity:1.00
0.700	0.100	0.100	0.100
0.100	0.100	0.700	0.100
0.100	0.100	0.100	0.700
0.700	0.100	0.100	0.100
0.100	0.100	0.100	0.700
0.100	0.100	0.700	0.100
0.100	0.100	0.700	0.100
0.100	0.100	0.100	0.700
0.100	0.100	0.100	0.700
0.100	0.100	0.700	0.100
>TGCGGATCAATT	1-TGCGGATCAATT	11.047524	-13.052972	0	T:3.0(8.33%),B:30.7(0.07%),P:1e-5	Tpos:96.3,Tstd:21.7,Bpos:80.2,Bstd:33.4,StrandBias:1.0,Multiplicity:1.00
0.247	0.001	0.010	0.742
0.001	0.001	0.752	0.246
0.001	0.776	0.222	0.001
0.001	0.001	0.987	0.011
0.001	0.001	0.752	0.246
0.494	0.282	0.001	0.223
0.001	0.001	0.001	0.997
0.001	0.997	0.001	0.001
0.776	0.001	0.001	0.222
0.752	0.001	0.246	0.001
0.247	0.247	0.001	0.505
0.246	0.001	0.001	0.752
>GTTVGCGAACGG	2-GTTVGCGAACGG	10.893289	-12.955158	0	T:3.0(8.33%),B:31.9(0.07%),P:1e-5	Tpos:54.5,Tstd:31.2,Bpos:65.0,Bstd:49.2,StrandBias:1.6,Multiplicity:1.00
0.318	0.001	0.680	0.001
0.001	0.001	0.318	0.680
0.001	0.001	0.001	0.997
0.318	0.318	0.363	0.001
0.001	0.001	0.997	0.001
0.001	0.997	0.001	0.001
0.001	0.044	0.637	0.318
0.997	0.001	0.001	0.001
0.997	0.001	0.001	0.001
0.001	0.997	0.001	0.001
0.328	0.001	0.661	0.010
0.001	0.012	0.669	0.318
>CTCTCGCTCTCT	3-CTCTCGCTCTCT	8.463612	-8.108231	0	T:8.0(22.22%),B:2193.9(4.92%),P:1e-3	Tpos:57.9,Tstd:41.1,Bpos:73.4,Bstd:72.8,StrandBias:2.2,Multiplicity:1.62
0.100	0.700	0.100	0.100
0.100	0.100	0.100	0.700
0.100	0.700	0.100	0.100
0.100	0.100	0.100	0.700
0.100	0.700	0.100	0.100
0.100	0.100	0.700	0.100
0.100	0.700	0.100	0.100
0.100	0.100	0.100	0.700
0.100	0.700	0.100	0.100
0.100	0.100	0.100	0.700
0.100	0.700	0.100	0.100
0.100	0.100	0.100	0.700
>ATATATATAATA	4-ATATATATAATA	14.450100	-7.356504	0	T:3.0(8.33%),B:207.9(0.47%),P:1e-3	Tpos:37.3,Tstd:22.7,Bpos:68.0,Bstd:66.4,StrandBias:-1.0,Multiplicity:1.00
0.997	0.001	0.001	0.001
0.001	0.001	0.001	0.997
0.997	0.001	0.001	0.001
0.235	0.001	0.001	0.763
0.759	0.001	0.001	0.239
0.001	0.001	0.001	0.997
0.997	0.001	0.001	0.001
0.001	0.001	0.001	0.997
0.907	0.001	0.001	0.091
0.895	0.001	0.001	0.103
0.001	0.001	0.001	0.997
0.793	0.001	0.001	0.205
>TTTTGCGAGGGA	5-TTTTGCGAGGGA	12.355432	-7.121331	0	T:1.0(2.78%),B:1.8(0.00%),P:1e-3	Tpos:48.0,Tstd:0.0,Bpos:31.8,Bstd:31.8,StrandBias:10.0,Multiplicity:1.00
0.100	0.100	0.100	0.700
0.100	0.100	0.100	0.700
0.100	0.100	0.100	0.700
0.100	0.100	0.100	0.700
0.100	0.100	0.700	0.100
0.100	0.700	0.100	0.100
0.100	0.100	0.700	0.100
0.700	0.100	0.100	0.100
0.100	0.100	0.700	0.100
0.100	0.100	0.700	0.100
0.100	0.100	0.700	0.100
0.700	0.100	0.100	0.100
>CGAATAAA	1-CGAATAAA	6.430947	-12.506004	0	T:10.0(27.78%),B:2058.5(4.62%),P:1e-5	Tpos:86.9,Tstd:37.9,Bpos:74.0,Bstd:47.7,StrandBias:-0.8,Multiplicity:1.10
0.001	0.914	0.084	0.001
0.001	0.001	0.997	0.001
0.764	0.001	0.142	0.093
0.899	0.001	0.001	0.099
0.001	0.001	0.001	0.997
0.894	0.001	0.001	0.104
0.997	0.001	0.001	0.001
0.997	0.001	0.001	0.001
>CTATCATT	2-CTATCATT	7.674523	-10.386506	0	T:7.0(19.44%),B:1138.1(2.55%),P:1e-4	Tpos:76.0,Tstd:37.3,Bpos:72.0,Bstd:48.2,StrandBias:10.0,Multiplicity:1.14
0.001	0.878	0.062	0.059
0.001	0.089	0.001	0.909
0.770	0.033	0.196	0.001
0.001	0.079	0.001	0.919
0.158	0.762	0.001	0.079
0.772	0.001	0.226	0.001
0.077	0.113	0.118	0.692
0.123	0.001	0.001	0.875
>GYTCTATT	3-GYTCTATT	6.705128	-7.881086	0	T:12.0(33.33%),B:5010.1(11.24%),P:1e-3	Tpos:67.8,Tstd:39.5,Bpos:75.2,Bstd:54.2,StrandBias:1.3,Multiplicity:1.42
0.001	0.221	0.777	0.001
0.001	0.551	0.001	0.447
0.001	0.001	0.001	0.997
0.001	0.783	0.215	0.001
0.001	0.001	0.001	0.997
0.663	0.114	0.222	0.001
0.329	0.001	0.001	0.669
0.001	0.001	0.001	0.997
>GTCCCCTC	4-GTCCCCTC	10.263970	-6.940944	0	T:2.0(5.56%),B:57.0(0.13%),P:1e-3	Tpos:70.0,Tstd:58.0,Bpos:62.4,Bstd:50.1,StrandBias:0.0,Multiplicity:1.00
0.118	0.001	0.880	0.001
0.240	0.001	0.001	0.758
0.001	0.997	0.001	0.001
0.001	0.997	0.001	0.001
0.001	0.997	0.001	0.001
0.001	0.997	0.001	0.001
0.240	0.001	0.001	0.758
0.122	0.876	0.001	0.001
>WCTCTCTC	5-WCTCTCTC	5.666298	-5.576544	0	T:12.0(33.33%),B:6500.7(14.59%),P:1e-2	Tpos:65.4,Tstd:43.7,Bpos:74.1,Bstd:67.5,StrandBias:2.1,Multiplicity:1.67
0.328	0.080	0.125	0.468
0.001	0.740	0.089	0.170
0.110	0.150	0.089	0.651
0.066	0.841	0.001	0.092
0.001	0.206	0.311	0.483
0.028	0.711	0.038	0.223
0.114	0.071	0.139	0.676
0.143	0.594	0.022	0.241
