>TGASTCAC	1-TGASTCAC	6.283227	-43.823319	0	T:57.0(24.26%),B:2852.1(5.99%),P:1e-19	Tpos:70.6,Tstd:42.9,Bpos:73.4,Bstd:50.9,StrandBias:0.2,Multiplicity:1.07
0.053	0.077	0.018	0.852
0.062	0.037	0.762	0.139
0.977	0.010	0.012	0.001
0.205	0.239	0.381	0.175
0.013	0.001	0.036	0.950
0.132	0.737	0.100	0.031
0.867	0.069	0.046	0.018
0.114	0.488	0.087	0.311
>ATGCAAAT	2-ATGCAAAT	6.121509	-43.247062	0	T:102.0(43.40%),B:8546.9(17.96%),P:1e-18	Tpos:76.8,Tstd:39.1,Bpos:74.2,Bstd:51.2,StrandBias:0.2,Multiplicity:1.31
0.791	0.001	0.040	0.168
0.001	0.017	0.030	0.952
0.030	0.001	0.968	0.001
0.001	0.887	0.054	0.058
0.887	0.001	0.001	0.111
0.878	0.001	0.001	0.120
0.997	0.001	0.001	0.001
0.001	0.001	0.001	0.997
>GACTTTGA	3-GACTTTGA	6.344121	-29.344054	0	T:62.0(26.38%),B:4600.0(9.67%),P:1e-12	Tpos:71.0,Tstd:37.8,Bpos:74.9,Bstd:47.4,StrandBias:-0.7,Multiplicity:1.10
0.086	0.040	0.805	0.069
0.955	0.043	0.001	0.001
0.001	0.997	0.001	0.001
0.024	0.001	0.001	0.974
0.027	0.024	0.020	0.929
0.001	0.001	0.182	0.816
0.026	0.001	0.945	0.028
0.795	0.001	0.152	0.052
>CCTACGTA	4-CCTACGTA	6.727373	-17.388533	0	T:22.0(9.36%),B:1075.5(2.26%),P:1e-7	Tpos:73.7,Tstd:42.8,Bpos:78.1,Bstd:50.3,StrandBias:0.2,Multiplicity:1.18
0.079	0.919	0.001	0.001
0.146	0.593	0.124	0.137
0.001	0.038	0.001	0.960
0.906	0.001	0.044	0.049
0.103	0.895	0.001	0.001
0.018	0.001	0.980	0.001
0.029	0.001	0.048	0.922
0.863	0.135	0.001	0.001
>CTSACTAA	5-CTSACTAA	7.954743	-17.076612	0	T:21.0(8.94%),B:1000.9(2.10%),P:1e-7	Tpos:72.2,Tstd:43.3,Bpos:78.0,Bstd:48.3,StrandBias:-0.1,Multiplicity:1.05
0.001	0.912	0.086	0.001
0.001	0.093	0.001	0.905
0.001	0.474	0.408	0.117
0.997	0.001	0.001	0.001
0.001	0.852	0.001	0.146
0.001	0.001	0.001	0.997
0.997	0.001	0.001	0.001
0.768	0.001	0.230	0.001
>GGGGGTTH	6-GGGGGTTH	4.919181	-15.864167	0	T:43.0(18.30%),B:3690.6(7.76%),P:1e-6	Tpos:81.5,Tstd:46.2,Bpos:74.9,Bstd:46.6,StrandBias:-0.1,Multiplicity:1.15
0.016	0.278	0.490	0.216
0.011	0.214	0.572	0.203
0.274	0.175	0.550	0.001
0.261	0.015	0.723	0.001
0.023	0.241	0.483	0.254
0.001	0.389	0.050	0.560
0.060	0.295	0.001	0.644
0.414	0.300	0.001	0.285
>GGGTGAGC	7-GGGTGAGC	6.993777	-13.838339	0	T:13.0(5.53%),B:476.8(1.00%),P:1e-6	Tpos:75.4,Tstd:42.0,Bpos:73.9,Bstd:47.3,StrandBias:0.4,Multiplicity:1.08
0.083	0.001	0.915	0.001
0.001	0.001	0.997	0.001
0.001	0.001	0.997	0.001
0.001	0.001	0.001	0.997
0.001	0.001	0.997	0.001
0.997	0.001	0.001	0.001
0.001	0.001	0.997	0.001
0.001	0.794	0.204	0.001
>CGAGTCGA	8-CGAGTCGA	6.950309	-13.552954	0	T:32.0(13.62%),B:2540.7(5.34%),P:1e-5	Tpos:70.6,Tstd:38.2,Bpos:73.4,Bstd:54.4,StrandBias:-0.2,Multiplicity:1.44
0.100	0.898	0.001	0.001
0.001	0.034	0.937	0.028
0.977	0.021	0.001	0.001
0.244	0.031	0.542	0.183
0.001	0.148	0.001	0.850
0.025	0.973	0.001	0.001
0.001	0.134	0.864	0.001
0.955	0.021	0.001	0.023
>AGACAGGG	9-AGACAGGG	8.236954	-11.481933	0	T:5.0(2.13%),B:56.5(0.12%),P:1e-4	Tpos:90.6,Tstd:34.1,Bpos:64.2,Bstd:41.9,StrandBias:10.0,Multiplicity:1.00
0.700	0.100	0.100	0.100
0.100	0.100	0.700	0.100
0.700	0.100	0.100	0.100
0.100	0.700	0.100	0.100
0.700	0.100	0.100	0.100
0.100	0.100	0.700	0.100
0.100	0.100	0.700	0.100
0.100	0.100	0.700	0.100
>AGAGAGAG	10-AGAGAGAG	7.384131	-8.523357	0	T:25.0(10.64%),B:2292.9(4.82%),P:1e-3	Tpos:90.9,Tstd:36.0,Bpos:74.7,Bstd:50.8,StrandBias:0.7,Multiplicity:1.56
0.844	0.126	0.001	0.029
0.050	0.001	0.866	0.083
0.997	0.001	0.001	0.001
0.088	0.001	0.892	0.019
0.837	0.073	0.089	0.001
0.001	0.001	0.977	0.021
0.856	0.095	0.001	0.048
0.001	0.054	0.944	0.001
