>MATTTGCATATC	1-MATTTGCATATC	8.525805	-51.647389	0	T:59.0(25.11%),B:2598.4(5.46%),P:1e-22	Tpos:76.8,Tstd:37.6,Bpos:75.5,Bstd:49.8,StrandBias:0.3,Multiplicity:1.17
0.500	0.400	0.001	0.099
0.799	0.196	0.004	0.001
0.001	0.197	0.001	0.801
0.100	0.001	0.001	0.898
0.395	0.001	0.001	0.603
0.198	0.197	0.603	0.002
0.064	0.891	0.001	0.044
0.997	0.001	0.001	0.001
0.337	0.001	0.001	0.661
0.698	0.001	0.001	0.300
0.197	0.154	0.098	0.551
0.098	0.499	0.058	0.345
>GACTTTGACTTT	2-GACTTTGACTTT	8.487792	-33.040504	0	T:32.0(13.62%),B:1148.3(2.41%),P:1e-14	Tpos:75.5,Tstd:38.1,Bpos:75.0,Bstd:45.9,StrandBias:0.0,Multiplicity:1.06
0.143	0.153	0.667	0.037
0.727	0.076	0.134	0.063
0.149	0.628	0.145	0.078
0.073	0.088	0.001	0.838
0.001	0.001	0.001	0.997
0.044	0.166	0.151	0.639
0.016	0.078	0.793	0.113
0.781	0.001	0.138	0.080
0.208	0.568	0.110	0.114
0.035	0.236	0.001	0.728
0.022	0.088	0.044	0.846
0.035	0.128	0.038	0.799
>TRAATTTTAAAT	3-TRAATTTTAAAT	10.574531	-29.313778	0	T:23.0(9.79%),B:630.6(1.33%),P:1e-12	Tpos:78.8,Tstd:49.8,Bpos:76.3,Bstd:50.7,StrandBias:-0.1,Multiplicity:1.00
0.001	0.001	0.001	0.997
0.424	0.203	0.372	0.001
0.577	0.421	0.001	0.001
0.934	0.001	0.001	0.064
0.044	0.213	0.001	0.742
0.001	0.001	0.064	0.934
0.001	0.106	0.308	0.585
0.136	0.001	0.001	0.862
0.684	0.001	0.001	0.314
0.997	0.001	0.001	0.001
0.816	0.001	0.092	0.091
0.001	0.001	0.001	0.997
>GCCATGCAAATG	4-GCCATGCAAATG	9.760382	-27.923752	0	T:21.0(8.94%),B:543.5(1.14%),P:1e-12	Tpos:66.0,Tstd:39.4,Bpos:72.6,Bstd:47.6,StrandBias:0.5,Multiplicity:1.00
0.067	0.115	0.810	0.008
0.126	0.775	0.001	0.098
0.143	0.672	0.101	0.084
0.882	0.001	0.001	0.116
0.089	0.001	0.001	0.909
0.117	0.090	0.718	0.075
0.241	0.669	0.089	0.001
0.886	0.001	0.112	0.001
0.997	0.001	0.001	0.001
0.799	0.113	0.001	0.087
0.001	0.001	0.001	0.997
0.001	0.083	0.833	0.083
>AARSTGAGSCGG	5-AARSTGAGSCGG	9.764882	-25.899928	0	T:13.0(5.53%),B:170.2(0.36%),P:1e-11	Tpos:102.3,Tstd:39.8,Bpos:73.0,Bstd:43.3,StrandBias:0.2,Multiplicity:1.00
0.997	0.001	0.001	0.001
0.997	0.001	0.001	0.001
0.503	0.001	0.495	0.001
0.001	0.486	0.504	0.009
0.171	0.161	0.001	0.667
0.001	0.161	0.677	0.161
0.989	0.001	0.001	0.009
0.161	0.001	0.837	0.001
0.001	0.503	0.495	0.001
0.182	0.484	0.001	0.332
0.161	0.001	0.837	0.001
0.190	0.324	0.485	0.001
>GCGGGTGAACTT	6-GCGGGTGAACTT	11.645777	-25.258718	0	T:7.0(2.98%),B:19.9(0.04%),P:1e-10	Tpos:73.6,Tstd:38.2,Bpos:66.2,Bstd:39.3,StrandBias:0.4,Multiplicity:1.00
0.001	0.001	0.997	0.001
0.001	0.997	0.001	0.001
0.001	0.001	0.855	0.143
0.001	0.001	0.834	0.164
0.001	0.001	0.997	0.001
0.308	0.001	0.001	0.690
0.001	0.165	0.669	0.165
0.997	0.001	0.001	0.001
0.997	0.001	0.001	0.001
0.329	0.669	0.001	0.001
0.330	0.165	0.001	0.504
0.164	0.001	0.001	0.834
>ATTCGAATCGAA	7-ATTCGAATCGAA	10.251096	-22.544920	0	T:16.0(6.81%),B:386.1(0.81%),P:1e-9	Tpos:66.4,Tstd:35.4,Bpos:78.9,Bstd:55.7,StrandBias:1.4,Multiplicity:1.19
0.780	0.001	0.156	0.063
0.162	0.136	0.001	0.701
0.045	0.158	0.047	0.750
0.001	0.750	0.165	0.084
0.099	0.090	0.810	0.001
0.997	0.001	0.001	0.001
0.711	0.085	0.041	0.163
0.001	0.038	0.001	0.960
0.039	0.803	0.107	0.051
0.120	0.001	0.878	0.001
0.891	0.069	0.039	0.001
0.973	0.001	0.001	0.025
>TGTGACWCACCA	8-TGTGACWCACCA	8.085593	-20.467220	0	T:19.0(8.09%),B:661.7(1.39%),P:1e-8	Tpos:59.8,Tstd:37.4,Bpos:72.8,Bstd:49.1,StrandBias:-0.1,Multiplicity:1.05
0.145	0.142	0.144	0.569
0.001	0.071	0.794	0.134
0.001	0.001	0.212	0.786
0.063	0.001	0.935	0.001
0.709	0.145	0.001	0.145
0.072	0.926	0.001	0.001
0.427	0.001	0.071	0.501
0.290	0.708	0.001	0.001
0.928	0.001	0.001	0.070
0.071	0.570	0.144	0.215
0.277	0.580	0.001	0.142
0.495	0.002	0.215	0.288
>TCACGTTCCAAG	9-TCACGTTCCAAG	14.640156	-20.063662	0	T:4.0(1.70%),B:3.4(0.01%),P:1e-8	Tpos:83.8,Tstd:34.7,Bpos:74.0,Bstd:38.4,StrandBias:1.6,Multiplicity:1.00
0.001	0.001	0.001	0.997
0.001	0.997	0.001	0.001
0.997	0.001	0.001	0.001
0.001	0.997	0.001	0.001
0.001	0.001	0.997	0.001
0.001	0.001	0.001	0.997
0.001	0.001	0.249	0.749
0.001	0.997	0.001	0.001
0.001	0.749	0.001	0.249
0.997	0.001	0.001	0.001
0.997	0.001	0.001	0.001
0.249	0.001	0.749	0.001
>CCGATCGGATCG	10-CCGATCGGATCG	11.604326	-17.489631	0	T:6.0(2.55%),B:34.2(0.07%),P:1e-7	Tpos:66.9,Tstd:47.3,Bpos:76.9,Bstd:40.7,StrandBias:-1.0,Multiplicity:1.00
0.001	0.997	0.001	0.001
0.001	0.997	0.001	0.001
0.001	0.001	0.997	0.001
0.997	0.001	0.001	0.001
0.147	0.001	0.147	0.705
0.001	0.851	0.001	0.147
0.001	0.243	0.755	0.001
0.147	0.001	0.851	0.001
0.548	0.156	0.001	0.295
0.001	0.001	0.294	0.704
0.001	0.997	0.001	0.001
0.147	0.234	0.618	0.001
>TACGTATGTATA	11-TACGTATGTATA	11.778585	-14.560367	0	T:15.0(6.38%),B:605.7(1.27%),P:1e-6	Tpos:76.0,Tstd:36.1,Bpos:72.0,Bstd:55.4,StrandBias:0.1,Multiplicity:1.13
0.001	0.001	0.001	0.997
0.997	0.001	0.001	0.001
0.067	0.931	0.001	0.001
0.243	0.081	0.675	0.001
0.101	0.001	0.001	0.897
0.997	0.001	0.001	0.001
0.102	0.189	0.001	0.708
0.157	0.001	0.841	0.001
0.001	0.001	0.001	0.997
0.997	0.001	0.001	0.001
0.262	0.157	0.164	0.417
0.839	0.001	0.159	0.001
>TTTTTTTTTCCC	12-TTTTTTTTTCCC	9.968657	-12.787043	0	T:17.0(7.23%),B:890.0(1.87%),P:1e-5	Tpos:53.8,Tstd:31.9,Bpos:75.6,Bstd:43.9,StrandBias:0.0,Multiplicity:1.06
0.001	0.142	0.002	0.855
0.061	0.001	0.001	0.937
0.001	0.168	0.001	0.830
0.071	0.121	0.071	0.737
0.001	0.001	0.070	0.928
0.102	0.001	0.181	0.716
0.056	0.071	0.001	0.872
0.001	0.144	0.056	0.799
0.001	0.091	0.038	0.870
0.024	0.922	0.017	0.037
0.124	0.667	0.114	0.095
0.016	0.878	0.029	0.077
>ATDCCATRCGAT	13-ATDCCATRCGAT	10.097500	-12.516742	0	T:9.0(3.83%),B:238.4(0.50%),P:1e-5	Tpos:96.8,Tstd:41.6,Bpos:66.7,Bstd:52.5,StrandBias:2.3,Multiplicity:1.00
0.997	0.001	0.001	0.001
0.200	0.001	0.200	0.599
0.418	0.001	0.308	0.273
0.001	0.591	0.407	0.001
0.305	0.487	0.207	0.001
0.997	0.001	0.001	0.001
0.001	0.001	0.001	0.997
0.513	0.001	0.485	0.001
0.001	0.997	0.001	0.001
0.001	0.166	0.832	0.001
0.997	0.001	0.001	0.001
0.099	0.001	0.001	0.899
>AGAGAGAGAGGG	14-AGAGAGAGAGGG	8.095229	-10.789938	0	T:17.0(7.23%),B:1040.2(2.19%),P:1e-4	Tpos:96.3,Tstd:29.4,Bpos:76.2,Bstd:48.8,StrandBias:1.5,Multiplicity:1.29
0.729	0.085	0.087	0.099
0.183	0.068	0.660	0.089
0.889	0.017	0.019	0.075
0.077	0.001	0.848	0.074
0.835	0.058	0.077	0.030
0.053	0.001	0.869	0.077
0.721	0.083	0.087	0.109
0.058	0.077	0.807	0.058
0.695	0.082	0.074	0.149
0.121	0.055	0.747	0.077
0.295	0.150	0.461	0.094
0.053	0.055	0.741	0.151
>GCCGAAGCCGAA	15-GCCGAAGCCGAA	14.660282	-7.754830	0	T:2.0(0.85%),B:6.3(0.01%),P:1e-3	Tpos:90.2,Tstd:15.8,Bpos:89.1,Bstd:47.2,StrandBias:10.0,Multiplicity:3.00
0.001	0.001	0.997	0.001
0.001	0.732	0.001	0.266
0.001	0.997	0.001	0.001
0.001	0.001	0.997	0.001
0.732	0.266	0.001	0.001
0.997	0.001	0.001	0.001
0.001	0.001	0.997	0.001
0.001	0.732	0.001	0.266
0.001	0.997	0.001	0.001
0.001	0.001	0.997	0.001
0.997	0.001	0.001	0.001
0.997	0.001	0.001	0.001
