>ATTTGCATAT	1-ATTTGCATAT	7.512594	-45.731837	0	T:66.0(28.09%),B:3673.0(7.72%),P:1e-19	Tpos:76.8,Tstd:36.7,Bpos:74.4,Bstd:51.8,StrandBias:0.3,Multiplicity:1.15
0.776	0.052	0.080	0.092
0.150	0.077	0.035	0.738
0.044	0.028	0.078	0.850
0.129	0.067	0.020	0.784
0.122	0.070	0.771	0.037
0.044	0.825	0.038	0.093
0.854	0.061	0.041	0.044
0.078	0.106	0.028	0.788
0.820	0.045	0.054	0.081
0.080	0.045	0.073	0.802
>ATTACTCATC	2-ATTACTCATC	7.869158	-30.126179	0	T:30.0(12.77%),B:1114.8(2.34%),P:1e-13	Tpos:77.2,Tstd:43.5,Bpos:76.6,Bstd:49.7,StrandBias:-0.3,Multiplicity:1.14
0.742	0.143	0.114	0.001
0.022	0.027	0.028	0.923
0.020	0.031	0.090	0.859
0.931	0.001	0.052	0.016
0.198	0.498	0.246	0.058
0.017	0.053	0.140	0.790
0.060	0.894	0.001	0.045
0.891	0.001	0.072	0.036
0.083	0.026	0.073	0.818
0.133	0.666	0.058	0.143
>GTGACTCACA	3-GTGACTCACA	5.397407	-29.390562	0	T:64.0(27.23%),B:4852.4(10.20%),P:1e-12	Tpos:72.9,Tstd:40.6,Bpos:75.3,Bstd:50.5,StrandBias:0.1,Multiplicity:1.09
0.105	0.102	0.639	0.154
0.053	0.092	0.079	0.776
0.086	0.108	0.710	0.096
0.761	0.057	0.089	0.093
0.131	0.549	0.203	0.117
0.103	0.062	0.068	0.767
0.098	0.744	0.096	0.062
0.741	0.075	0.097	0.087
0.132	0.679	0.049	0.140
0.635	0.125	0.093	0.147
>TCGAATCGAA	4-TCGAATCGAA	8.966470	-24.164603	0	T:24.0(10.21%),B:895.4(1.88%),P:1e-10	Tpos:75.6,Tstd:30.1,Bpos:74.7,Bstd:53.9,StrandBias:0.5,Multiplicity:1.38
0.001	0.186	0.101	0.712
0.001	0.455	0.289	0.256
0.043	0.150	0.806	0.001
0.997	0.001	0.001	0.001
0.717	0.012	0.071	0.200
0.001	0.001	0.001	0.997
0.001	0.637	0.361	0.001
0.135	0.001	0.863	0.001
0.811	0.187	0.001	0.001
0.854	0.001	0.144	0.001
>ATTTGCATTG	5-ATTTGCATTG	6.842192	-22.945404	0	T:77.0(32.77%),B:7532.9(15.83%),P:1e-9	Tpos:76.2,Tstd:44.3,Bpos:75.8,Bstd:50.1,StrandBias:0.1,Multiplicity:1.17
0.800	0.050	0.033	0.117
0.081	0.054	0.031	0.834
0.072	0.043	0.036	0.849
0.114	0.082	0.054	0.750
0.095	0.042	0.801	0.062
0.085	0.787	0.063	0.065
0.805	0.087	0.038	0.070
0.124	0.048	0.076	0.752
0.042	0.033	0.044	0.881
0.103	0.057	0.748	0.092
>GGTGAGGAGC	6-GGTGAGGAGC	10.626127	-22.608492	0	T:8.0(3.40%),B:47.9(0.10%),P:1e-9	Tpos:76.6,Tstd:37.9,Bpos:67.8,Bstd:37.2,StrandBias:0.7,Multiplicity:1.00
0.001	0.001	0.997	0.001
0.001	0.109	0.889	0.001
0.001	0.001	0.001	0.997
0.001	0.001	0.861	0.137
0.997	0.001	0.001	0.001
0.090	0.001	0.908	0.001
0.001	0.001	0.997	0.001
0.713	0.001	0.138	0.148
0.001	0.001	0.997	0.001
0.001	0.812	0.186	0.001
>CTTTGACTTT	7-CTTTGACTTT	9.721642	-22.367667	0	T:18.0(7.66%),B:519.9(1.09%),P:1e-9	Tpos:77.2,Tstd:42.1,Bpos:74.9,Bstd:46.6,StrandBias:-0.8,Multiplicity:1.12
0.167	0.831	0.001	0.001
0.001	0.001	0.146	0.852
0.001	0.001	0.001	0.997
0.110	0.116	0.001	0.773
0.001	0.001	0.942	0.056
0.935	0.001	0.063	0.001
0.038	0.799	0.001	0.162
0.001	0.122	0.001	0.876
0.001	0.001	0.001	0.997
0.001	0.001	0.001	0.997
>GTCCAAGTCC	8-GTCCAAGTCC	10.914860	-20.210554	0	T:8.0(3.40%),B:64.8(0.14%),P:1e-8	Tpos:86.4,Tstd:37.6,Bpos:76.9,Bstd:44.3,StrandBias:10.0,Multiplicity:1.00
0.001	0.109	0.763	0.127
0.001	0.001	0.001	0.997
0.001	0.997	0.001	0.001
0.001	0.997	0.001	0.001
0.997	0.001	0.001	0.001
0.693	0.088	0.139	0.080
0.001	0.001	0.866	0.132
0.001	0.001	0.001	0.997
0.001	0.765	0.001	0.233
0.001	0.997	0.001	0.001
>ATCGCTGTAT	9-ATCGCTGTAT	10.362290	-17.942248	0	T:10.0(4.26%),B:167.5(0.35%),P:1e-7	Tpos:92.8,Tstd:40.1,Bpos:73.7,Bstd:51.7,StrandBias:0.0,Multiplicity:1.00
0.997	0.001	0.001	0.001
0.001	0.001	0.001	0.997
0.100	0.898	0.001	0.001
0.074	0.001	0.924	0.001
0.001	0.864	0.001	0.134
0.001	0.126	0.001	0.872
0.001	0.134	0.789	0.076
0.001	0.076	0.086	0.837
0.921	0.001	0.001	0.077
0.001	0.001	0.001	0.997
>CCGAACCGAG	10-CCGAACCGAG	10.717668	-16.568666	0	T:8.0(3.40%),B:103.7(0.22%),P:1e-7	Tpos:59.8,Tstd:36.8,Bpos:80.9,Bstd:52.9,StrandBias:0.6,Multiplicity:1.25
0.001	0.874	0.001	0.124
0.106	0.892	0.001	0.001
0.001	0.001	0.997	0.001
0.997	0.001	0.001	0.001
0.756	0.124	0.119	0.001
0.001	0.874	0.124	0.001
0.001	0.997	0.001	0.001
0.001	0.001	0.997	0.001
0.997	0.001	0.001	0.001
0.137	0.148	0.714	0.001
>GCCGCCGCTC	11-GCCGCCGCTC	10.257102	-16.409594	0	T:9.0(3.83%),B:148.4(0.31%),P:1e-7	Tpos:73.4,Tstd:44.8,Bpos:70.8,Bstd:44.8,StrandBias:-1.0,Multiplicity:1.00
0.001	0.001	0.997	0.001
0.001	0.997	0.001	0.001
0.001	0.997	0.001	0.001
0.001	0.001	0.997	0.001
0.227	0.522	0.001	0.250
0.001	0.748	0.250	0.001
0.001	0.001	0.997	0.001
0.418	0.580	0.001	0.001
0.235	0.001	0.001	0.763
0.001	0.997	0.001	0.001
>AGAGAGAGAG	12-AGAGAGAGAG	6.422226	-13.417463	0	T:40.0(17.02%),B:3624.7(7.62%),P:1e-5	Tpos:82.4,Tstd:39.1,Bpos:74.9,Bstd:49.3,StrandBias:0.8,Multiplicity:1.30
0.646	0.037	0.126	0.191
0.141	0.094	0.763	0.002
0.835	0.001	0.001	0.163
0.090	0.001	0.724	0.185
0.791	0.207	0.001	0.001
0.075	0.225	0.639	0.061
0.759	0.239	0.001	0.001
0.104	0.001	0.687	0.208
0.532	0.001	0.283	0.184
0.131	0.001	0.795	0.073
>RCSATACSAT	13-RCSATACSAT	7.013386	-12.378532	0	T:27.0(11.49%),B:2049.5(4.31%),P:1e-5	Tpos:69.8,Tstd:44.2,Bpos:72.8,Bstd:47.9,StrandBias:0.7,Multiplicity:1.28
0.461	0.001	0.537	0.001
0.001	0.495	0.331	0.173
0.001	0.565	0.433	0.001
0.768	0.001	0.001	0.230
0.086	0.001	0.001	0.912
0.557	0.001	0.063	0.379
0.001	0.995	0.003	0.001
0.103	0.462	0.434	0.001
0.550	0.001	0.382	0.067
0.056	0.120	0.001	0.823
>CCGATCGGAT	14-CCGATCGGAT	10.821977	-11.314487	0	T:5.0(2.13%),B:58.2(0.12%),P:1e-4	Tpos:70.7,Tstd:51.1,Bpos:73.7,Bstd:53.5,StrandBias:-1.0,Multiplicity:1.40
0.001	0.997	0.001	0.001
0.001	0.926	0.072	0.001
0.099	0.001	0.899	0.001
0.997	0.001	0.001	0.001
0.001	0.001	0.001	0.997
0.001	0.756	0.152	0.091
0.001	0.236	0.762	0.001
0.001	0.001	0.997	0.001
0.877	0.121	0.001	0.001
0.001	0.115	0.001	0.883
>MATTTGCATATC	1-MATTTGCATATC	8.525805	-51.647389	0	T:59.0(25.11%),B:2598.4(5.46%),P:1e-22	Tpos:76.8,Tstd:37.6,Bpos:75.5,Bstd:49.8,StrandBias:0.3,Multiplicity:1.17
0.500	0.400	0.001	0.099
0.799	0.196	0.004	0.001
0.001	0.197	0.001	0.801
0.100	0.001	0.001	0.898
0.395	0.001	0.001	0.603
0.198	0.197	0.603	0.002
0.064	0.891	0.001	0.044
0.997	0.001	0.001	0.001
0.337	0.001	0.001	0.661
0.698	0.001	0.001	0.300
0.197	0.154	0.098	0.551
0.098	0.499	0.058	0.345
>GACTTTGACTTT	2-GACTTTGACTTT	8.487792	-33.040504	0	T:32.0(13.62%),B:1148.3(2.41%),P:1e-14	Tpos:75.5,Tstd:38.1,Bpos:75.0,Bstd:45.9,StrandBias:0.0,Multiplicity:1.06
0.143	0.153	0.667	0.037
0.727	0.076	0.134	0.063
0.149	0.628	0.145	0.078
0.073	0.088	0.001	0.838
0.001	0.001	0.001	0.997
0.044	0.166	0.151	0.639
0.016	0.078	0.793	0.113
0.781	0.001	0.138	0.080
0.208	0.568	0.110	0.114
0.035	0.236	0.001	0.728
0.022	0.088	0.044	0.846
0.035	0.128	0.038	0.799
>TRAATTTTAAAT	3-TRAATTTTAAAT	10.574531	-29.313778	0	T:23.0(9.79%),B:630.6(1.33%),P:1e-12	Tpos:78.8,Tstd:49.8,Bpos:76.3,Bstd:50.7,StrandBias:-0.1,Multiplicity:1.00
0.001	0.001	0.001	0.997
0.424	0.203	0.372	0.001
0.577	0.421	0.001	0.001
0.934	0.001	0.001	0.064
0.044	0.213	0.001	0.742
0.001	0.001	0.064	0.934
0.001	0.106	0.308	0.585
0.136	0.001	0.001	0.862
0.684	0.001	0.001	0.314
0.997	0.001	0.001	0.001
0.816	0.001	0.092	0.091
0.001	0.001	0.001	0.997
>GCCATGCAAATG	4-GCCATGCAAATG	9.760382	-27.923752	0	T:21.0(8.94%),B:543.5(1.14%),P:1e-12	Tpos:66.0,Tstd:39.4,Bpos:72.6,Bstd:47.6,StrandBias:0.5,Multiplicity:1.00
0.067	0.115	0.810	0.008
0.126	0.775	0.001	0.098
0.143	0.672	0.101	0.084
0.882	0.001	0.001	0.116
0.089	0.001	0.001	0.909
0.117	0.090	0.718	0.075
0.241	0.669	0.089	0.001
0.886	0.001	0.112	0.001
0.997	0.001	0.001	0.001
0.799	0.113	0.001	0.087
0.001	0.001	0.001	0.997
0.001	0.083	0.833	0.083
>AARSTGAGSCGG	5-AARSTGAGSCGG	9.764882	-25.899928	0	T:13.0(5.53%),B:170.2(0.36%),P:1e-11	Tpos:102.3,Tstd:39.8,Bpos:73.0,Bstd:43.3,StrandBias:0.2,Multiplicity:1.00
0.997	0.001	0.001	0.001
0.997	0.001	0.001	0.001
0.503	0.001	0.495	0.001
0.001	0.486	0.504	0.009
0.171	0.161	0.001	0.667
0.001	0.161	0.677	0.161
0.989	0.001	0.001	0.009
0.161	0.001	0.837	0.001
0.001	0.503	0.495	0.001
0.182	0.484	0.001	0.332
0.161	0.001	0.837	0.001
0.190	0.324	0.485	0.001
>GCGGGTGAACTT	6-GCGGGTGAACTT	11.645777	-25.258718	0	T:7.0(2.98%),B:19.9(0.04%),P:1e-10	Tpos:73.6,Tstd:38.2,Bpos:66.2,Bstd:39.3,StrandBias:0.4,Multiplicity:1.00
0.001	0.001	0.997	0.001
0.001	0.997	0.001	0.001
0.001	0.001	0.855	0.143
0.001	0.001	0.834	0.164
0.001	0.001	0.997	0.001
0.308	0.001	0.001	0.690
0.001	0.165	0.669	0.165
0.997	0.001	0.001	0.001
0.997	0.001	0.001	0.001
0.329	0.669	0.001	0.001
0.330	0.165	0.001	0.504
0.164	0.001	0.001	0.834
>ATTCGAATCGAA	7-ATTCGAATCGAA	10.251096	-22.544920	0	T:16.0(6.81%),B:386.1(0.81%),P:1e-9	Tpos:66.4,Tstd:35.4,Bpos:78.9,Bstd:55.7,StrandBias:1.4,Multiplicity:1.19
0.780	0.001	0.156	0.063
0.162	0.136	0.001	0.701
0.045	0.158	0.047	0.750
0.001	0.750	0.165	0.084
0.099	0.090	0.810	0.001
0.997	0.001	0.001	0.001
0.711	0.085	0.041	0.163
0.001	0.038	0.001	0.960
0.039	0.803	0.107	0.051
0.120	0.001	0.878	0.001
0.891	0.069	0.039	0.001
0.973	0.001	0.001	0.025
>TGTGACWCACCA	8-TGTGACWCACCA	8.085593	-20.467220	0	T:19.0(8.09%),B:661.7(1.39%),P:1e-8	Tpos:59.8,Tstd:37.4,Bpos:72.8,Bstd:49.1,StrandBias:-0.1,Multiplicity:1.05
0.145	0.142	0.144	0.569
0.001	0.071	0.794	0.134
0.001	0.001	0.212	0.786
0.063	0.001	0.935	0.001
0.709	0.145	0.001	0.145
0.072	0.926	0.001	0.001
0.427	0.001	0.071	0.501
0.290	0.708	0.001	0.001
0.928	0.001	0.001	0.070
0.071	0.570	0.144	0.215
0.277	0.580	0.001	0.142
0.495	0.002	0.215	0.288
>TCACGTTCCAAG	9-TCACGTTCCAAG	14.640156	-20.063662	0	T:4.0(1.70%),B:3.4(0.01%),P:1e-8	Tpos:83.8,Tstd:34.7,Bpos:74.0,Bstd:38.4,StrandBias:1.6,Multiplicity:1.00
0.001	0.001	0.001	0.997
0.001	0.997	0.001	0.001
0.997	0.001	0.001	0.001
0.001	0.997	0.001	0.001
0.001	0.001	0.997	0.001
0.001	0.001	0.001	0.997
0.001	0.001	0.249	0.749
0.001	0.997	0.001	0.001
0.001	0.749	0.001	0.249
0.997	0.001	0.001	0.001
0.997	0.001	0.001	0.001
0.249	0.001	0.749	0.001
>CCGATCGGATCG	10-CCGATCGGATCG	11.604326	-17.489631	0	T:6.0(2.55%),B:34.2(0.07%),P:1e-7	Tpos:66.9,Tstd:47.3,Bpos:76.9,Bstd:40.7,StrandBias:-1.0,Multiplicity:1.00
0.001	0.997	0.001	0.001
0.001	0.997	0.001	0.001
0.001	0.001	0.997	0.001
0.997	0.001	0.001	0.001
0.147	0.001	0.147	0.705
0.001	0.851	0.001	0.147
0.001	0.243	0.755	0.001
0.147	0.001	0.851	0.001
0.548	0.156	0.001	0.295
0.001	0.001	0.294	0.704
0.001	0.997	0.001	0.001
0.147	0.234	0.618	0.001
>TACGTATGTATA	11-TACGTATGTATA	11.778585	-14.560367	0	T:15.0(6.38%),B:605.7(1.27%),P:1e-6	Tpos:76.0,Tstd:36.1,Bpos:72.0,Bstd:55.4,StrandBias:0.1,Multiplicity:1.13
0.001	0.001	0.001	0.997
0.997	0.001	0.001	0.001
0.067	0.931	0.001	0.001
0.243	0.081	0.675	0.001
0.101	0.001	0.001	0.897
0.997	0.001	0.001	0.001
0.102	0.189	0.001	0.708
0.157	0.001	0.841	0.001
0.001	0.001	0.001	0.997
0.997	0.001	0.001	0.001
0.262	0.157	0.164	0.417
0.839	0.001	0.159	0.001
>TTTTTTTTTCCC	12-TTTTTTTTTCCC	9.968657	-12.787043	0	T:17.0(7.23%),B:890.0(1.87%),P:1e-5	Tpos:53.8,Tstd:31.9,Bpos:75.6,Bstd:43.9,StrandBias:0.0,Multiplicity:1.06
0.001	0.142	0.002	0.855
0.061	0.001	0.001	0.937
0.001	0.168	0.001	0.830
0.071	0.121	0.071	0.737
0.001	0.001	0.070	0.928
0.102	0.001	0.181	0.716
0.056	0.071	0.001	0.872
0.001	0.144	0.056	0.799
0.001	0.091	0.038	0.870
0.024	0.922	0.017	0.037
0.124	0.667	0.114	0.095
0.016	0.878	0.029	0.077
>ATDCCATRCGAT	13-ATDCCATRCGAT	10.097500	-12.516742	0	T:9.0(3.83%),B:238.4(0.50%),P:1e-5	Tpos:96.8,Tstd:41.6,Bpos:66.7,Bstd:52.5,StrandBias:2.3,Multiplicity:1.00
0.997	0.001	0.001	0.001
0.200	0.001	0.200	0.599
0.418	0.001	0.308	0.273
0.001	0.591	0.407	0.001
0.305	0.487	0.207	0.001
0.997	0.001	0.001	0.001
0.001	0.001	0.001	0.997
0.513	0.001	0.485	0.001
0.001	0.997	0.001	0.001
0.001	0.166	0.832	0.001
0.997	0.001	0.001	0.001
0.099	0.001	0.001	0.899
>AGAGAGAGAGGG	14-AGAGAGAGAGGG	8.095229	-10.789938	0	T:17.0(7.23%),B:1040.2(2.19%),P:1e-4	Tpos:96.3,Tstd:29.4,Bpos:76.2,Bstd:48.8,StrandBias:1.5,Multiplicity:1.29
0.729	0.085	0.087	0.099
0.183	0.068	0.660	0.089
0.889	0.017	0.019	0.075
0.077	0.001	0.848	0.074
0.835	0.058	0.077	0.030
0.053	0.001	0.869	0.077
0.721	0.083	0.087	0.109
0.058	0.077	0.807	0.058
0.695	0.082	0.074	0.149
0.121	0.055	0.747	0.077
0.295	0.150	0.461	0.094
0.053	0.055	0.741	0.151
>GCCGAAGCCGAA	15-GCCGAAGCCGAA	14.660282	-7.754830	0	T:2.0(0.85%),B:6.3(0.01%),P:1e-3	Tpos:90.2,Tstd:15.8,Bpos:89.1,Bstd:47.2,StrandBias:10.0,Multiplicity:3.00
0.001	0.001	0.997	0.001
0.001	0.732	0.001	0.266
0.001	0.997	0.001	0.001
0.001	0.001	0.997	0.001
0.732	0.266	0.001	0.001
0.997	0.001	0.001	0.001
0.001	0.001	0.997	0.001
0.001	0.732	0.001	0.266
0.001	0.997	0.001	0.001
0.001	0.001	0.997	0.001
0.997	0.001	0.001	0.001
0.997	0.001	0.001	0.001
>TGASTCAC	1-TGASTCAC	6.283227	-43.823319	0	T:57.0(24.26%),B:2852.1(5.99%),P:1e-19	Tpos:70.6,Tstd:42.9,Bpos:73.4,Bstd:50.9,StrandBias:0.2,Multiplicity:1.07
0.053	0.077	0.018	0.852
0.062	0.037	0.762	0.139
0.977	0.010	0.012	0.001
0.205	0.239	0.381	0.175
0.013	0.001	0.036	0.950
0.132	0.737	0.100	0.031
0.867	0.069	0.046	0.018
0.114	0.488	0.087	0.311
>ATGCAAAT	2-ATGCAAAT	6.121509	-43.247062	0	T:102.0(43.40%),B:8546.9(17.96%),P:1e-18	Tpos:76.8,Tstd:39.1,Bpos:74.2,Bstd:51.2,StrandBias:0.2,Multiplicity:1.31
0.791	0.001	0.040	0.168
0.001	0.017	0.030	0.952
0.030	0.001	0.968	0.001
0.001	0.887	0.054	0.058
0.887	0.001	0.001	0.111
0.878	0.001	0.001	0.120
0.997	0.001	0.001	0.001
0.001	0.001	0.001	0.997
>GACTTTGA	3-GACTTTGA	6.344121	-29.344054	0	T:62.0(26.38%),B:4600.0(9.67%),P:1e-12	Tpos:71.0,Tstd:37.8,Bpos:74.9,Bstd:47.4,StrandBias:-0.7,Multiplicity:1.10
0.086	0.040	0.805	0.069
0.955	0.043	0.001	0.001
0.001	0.997	0.001	0.001
0.024	0.001	0.001	0.974
0.027	0.024	0.020	0.929
0.001	0.001	0.182	0.816
0.026	0.001	0.945	0.028
0.795	0.001	0.152	0.052
>CCTACGTA	4-CCTACGTA	6.727373	-17.388533	0	T:22.0(9.36%),B:1075.5(2.26%),P:1e-7	Tpos:73.7,Tstd:42.8,Bpos:78.1,Bstd:50.3,StrandBias:0.2,Multiplicity:1.18
0.079	0.919	0.001	0.001
0.146	0.593	0.124	0.137
0.001	0.038	0.001	0.960
0.906	0.001	0.044	0.049
0.103	0.895	0.001	0.001
0.018	0.001	0.980	0.001
0.029	0.001	0.048	0.922
0.863	0.135	0.001	0.001
>CTSACTAA	5-CTSACTAA	7.954743	-17.076612	0	T:21.0(8.94%),B:1000.9(2.10%),P:1e-7	Tpos:72.2,Tstd:43.3,Bpos:78.0,Bstd:48.3,StrandBias:-0.1,Multiplicity:1.05
0.001	0.912	0.086	0.001
0.001	0.093	0.001	0.905
0.001	0.474	0.408	0.117
0.997	0.001	0.001	0.001
0.001	0.852	0.001	0.146
0.001	0.001	0.001	0.997
0.997	0.001	0.001	0.001
0.768	0.001	0.230	0.001
>GGGGGTTH	6-GGGGGTTH	4.919181	-15.864167	0	T:43.0(18.30%),B:3690.6(7.76%),P:1e-6	Tpos:81.5,Tstd:46.2,Bpos:74.9,Bstd:46.6,StrandBias:-0.1,Multiplicity:1.15
0.016	0.278	0.490	0.216
0.011	0.214	0.572	0.203
0.274	0.175	0.550	0.001
0.261	0.015	0.723	0.001
0.023	0.241	0.483	0.254
0.001	0.389	0.050	0.560
0.060	0.295	0.001	0.644
0.414	0.300	0.001	0.285
>GGGTGAGC	7-GGGTGAGC	6.993777	-13.838339	0	T:13.0(5.53%),B:476.8(1.00%),P:1e-6	Tpos:75.4,Tstd:42.0,Bpos:73.9,Bstd:47.3,StrandBias:0.4,Multiplicity:1.08
0.083	0.001	0.915	0.001
0.001	0.001	0.997	0.001
0.001	0.001	0.997	0.001
0.001	0.001	0.001	0.997
0.001	0.001	0.997	0.001
0.997	0.001	0.001	0.001
0.001	0.001	0.997	0.001
0.001	0.794	0.204	0.001
>CGAGTCGA	8-CGAGTCGA	6.950309	-13.552954	0	T:32.0(13.62%),B:2540.7(5.34%),P:1e-5	Tpos:70.6,Tstd:38.2,Bpos:73.4,Bstd:54.4,StrandBias:-0.2,Multiplicity:1.44
0.100	0.898	0.001	0.001
0.001	0.034	0.937	0.028
0.977	0.021	0.001	0.001
0.244	0.031	0.542	0.183
0.001	0.148	0.001	0.850
0.025	0.973	0.001	0.001
0.001	0.134	0.864	0.001
0.955	0.021	0.001	0.023
>AGACAGGG	9-AGACAGGG	8.236954	-11.481933	0	T:5.0(2.13%),B:56.5(0.12%),P:1e-4	Tpos:90.6,Tstd:34.1,Bpos:64.2,Bstd:41.9,StrandBias:10.0,Multiplicity:1.00
0.700	0.100	0.100	0.100
0.100	0.100	0.700	0.100
0.700	0.100	0.100	0.100
0.100	0.700	0.100	0.100
0.700	0.100	0.100	0.100
0.100	0.100	0.700	0.100
0.100	0.100	0.700	0.100
0.100	0.100	0.700	0.100
>AGAGAGAG	10-AGAGAGAG	7.384131	-8.523357	0	T:25.0(10.64%),B:2292.9(4.82%),P:1e-3	Tpos:90.9,Tstd:36.0,Bpos:74.7,Bstd:50.8,StrandBias:0.7,Multiplicity:1.56
0.844	0.126	0.001	0.029
0.050	0.001	0.866	0.083
0.997	0.001	0.001	0.001
0.088	0.001	0.892	0.019
0.837	0.073	0.089	0.001
0.001	0.001	0.977	0.021
0.856	0.095	0.001	0.048
0.001	0.054	0.944	0.001
