>ATTTGCATAT	1-ATTTGCATAT	7.512594	-45.731837	0	T:66.0(28.09%),B:3673.0(7.72%),P:1e-19	Tpos:76.8,Tstd:36.7,Bpos:74.4,Bstd:51.8,StrandBias:0.3,Multiplicity:1.15
0.776	0.052	0.080	0.092
0.150	0.077	0.035	0.738
0.044	0.028	0.078	0.850
0.129	0.067	0.020	0.784
0.122	0.070	0.771	0.037
0.044	0.825	0.038	0.093
0.854	0.061	0.041	0.044
0.078	0.106	0.028	0.788
0.820	0.045	0.054	0.081
0.080	0.045	0.073	0.802
>ATTACTCATC	2-ATTACTCATC	7.869158	-30.126179	0	T:30.0(12.77%),B:1114.8(2.34%),P:1e-13	Tpos:77.2,Tstd:43.5,Bpos:76.6,Bstd:49.7,StrandBias:-0.3,Multiplicity:1.14
0.742	0.143	0.114	0.001
0.022	0.027	0.028	0.923
0.020	0.031	0.090	0.859
0.931	0.001	0.052	0.016
0.198	0.498	0.246	0.058
0.017	0.053	0.140	0.790
0.060	0.894	0.001	0.045
0.891	0.001	0.072	0.036
0.083	0.026	0.073	0.818
0.133	0.666	0.058	0.143
>GTGACTCACA	3-GTGACTCACA	5.397407	-29.390562	0	T:64.0(27.23%),B:4852.4(10.20%),P:1e-12	Tpos:72.9,Tstd:40.6,Bpos:75.3,Bstd:50.5,StrandBias:0.1,Multiplicity:1.09
0.105	0.102	0.639	0.154
0.053	0.092	0.079	0.776
0.086	0.108	0.710	0.096
0.761	0.057	0.089	0.093
0.131	0.549	0.203	0.117
0.103	0.062	0.068	0.767
0.098	0.744	0.096	0.062
0.741	0.075	0.097	0.087
0.132	0.679	0.049	0.140
0.635	0.125	0.093	0.147
>TCGAATCGAA	4-TCGAATCGAA	8.966470	-24.164603	0	T:24.0(10.21%),B:895.4(1.88%),P:1e-10	Tpos:75.6,Tstd:30.1,Bpos:74.7,Bstd:53.9,StrandBias:0.5,Multiplicity:1.38
0.001	0.186	0.101	0.712
0.001	0.455	0.289	0.256
0.043	0.150	0.806	0.001
0.997	0.001	0.001	0.001
0.717	0.012	0.071	0.200
0.001	0.001	0.001	0.997
0.001	0.637	0.361	0.001
0.135	0.001	0.863	0.001
0.811	0.187	0.001	0.001
0.854	0.001	0.144	0.001
>ATTTGCATTG	5-ATTTGCATTG	6.842192	-22.945404	0	T:77.0(32.77%),B:7532.9(15.83%),P:1e-9	Tpos:76.2,Tstd:44.3,Bpos:75.8,Bstd:50.1,StrandBias:0.1,Multiplicity:1.17
0.800	0.050	0.033	0.117
0.081	0.054	0.031	0.834
0.072	0.043	0.036	0.849
0.114	0.082	0.054	0.750
0.095	0.042	0.801	0.062
0.085	0.787	0.063	0.065
0.805	0.087	0.038	0.070
0.124	0.048	0.076	0.752
0.042	0.033	0.044	0.881
0.103	0.057	0.748	0.092
>GGTGAGGAGC	6-GGTGAGGAGC	10.626127	-22.608492	0	T:8.0(3.40%),B:47.9(0.10%),P:1e-9	Tpos:76.6,Tstd:37.9,Bpos:67.8,Bstd:37.2,StrandBias:0.7,Multiplicity:1.00
0.001	0.001	0.997	0.001
0.001	0.109	0.889	0.001
0.001	0.001	0.001	0.997
0.001	0.001	0.861	0.137
0.997	0.001	0.001	0.001
0.090	0.001	0.908	0.001
0.001	0.001	0.997	0.001
0.713	0.001	0.138	0.148
0.001	0.001	0.997	0.001
0.001	0.812	0.186	0.001
>CTTTGACTTT	7-CTTTGACTTT	9.721642	-22.367667	0	T:18.0(7.66%),B:519.9(1.09%),P:1e-9	Tpos:77.2,Tstd:42.1,Bpos:74.9,Bstd:46.6,StrandBias:-0.8,Multiplicity:1.12
0.167	0.831	0.001	0.001
0.001	0.001	0.146	0.852
0.001	0.001	0.001	0.997
0.110	0.116	0.001	0.773
0.001	0.001	0.942	0.056
0.935	0.001	0.063	0.001
0.038	0.799	0.001	0.162
0.001	0.122	0.001	0.876
0.001	0.001	0.001	0.997
0.001	0.001	0.001	0.997
>GTCCAAGTCC	8-GTCCAAGTCC	10.914860	-20.210554	0	T:8.0(3.40%),B:64.8(0.14%),P:1e-8	Tpos:86.4,Tstd:37.6,Bpos:76.9,Bstd:44.3,StrandBias:10.0,Multiplicity:1.00
0.001	0.109	0.763	0.127
0.001	0.001	0.001	0.997
0.001	0.997	0.001	0.001
0.001	0.997	0.001	0.001
0.997	0.001	0.001	0.001
0.693	0.088	0.139	0.080
0.001	0.001	0.866	0.132
0.001	0.001	0.001	0.997
0.001	0.765	0.001	0.233
0.001	0.997	0.001	0.001
>ATCGCTGTAT	9-ATCGCTGTAT	10.362290	-17.942248	0	T:10.0(4.26%),B:167.5(0.35%),P:1e-7	Tpos:92.8,Tstd:40.1,Bpos:73.7,Bstd:51.7,StrandBias:0.0,Multiplicity:1.00
0.997	0.001	0.001	0.001
0.001	0.001	0.001	0.997
0.100	0.898	0.001	0.001
0.074	0.001	0.924	0.001
0.001	0.864	0.001	0.134
0.001	0.126	0.001	0.872
0.001	0.134	0.789	0.076
0.001	0.076	0.086	0.837
0.921	0.001	0.001	0.077
0.001	0.001	0.001	0.997
>CCGAACCGAG	10-CCGAACCGAG	10.717668	-16.568666	0	T:8.0(3.40%),B:103.7(0.22%),P:1e-7	Tpos:59.8,Tstd:36.8,Bpos:80.9,Bstd:52.9,StrandBias:0.6,Multiplicity:1.25
0.001	0.874	0.001	0.124
0.106	0.892	0.001	0.001
0.001	0.001	0.997	0.001
0.997	0.001	0.001	0.001
0.756	0.124	0.119	0.001
0.001	0.874	0.124	0.001
0.001	0.997	0.001	0.001
0.001	0.001	0.997	0.001
0.997	0.001	0.001	0.001
0.137	0.148	0.714	0.001
>GCCGCCGCTC	11-GCCGCCGCTC	10.257102	-16.409594	0	T:9.0(3.83%),B:148.4(0.31%),P:1e-7	Tpos:73.4,Tstd:44.8,Bpos:70.8,Bstd:44.8,StrandBias:-1.0,Multiplicity:1.00
0.001	0.001	0.997	0.001
0.001	0.997	0.001	0.001
0.001	0.997	0.001	0.001
0.001	0.001	0.997	0.001
0.227	0.522	0.001	0.250
0.001	0.748	0.250	0.001
0.001	0.001	0.997	0.001
0.418	0.580	0.001	0.001
0.235	0.001	0.001	0.763
0.001	0.997	0.001	0.001
>AGAGAGAGAG	12-AGAGAGAGAG	6.422226	-13.417463	0	T:40.0(17.02%),B:3624.7(7.62%),P:1e-5	Tpos:82.4,Tstd:39.1,Bpos:74.9,Bstd:49.3,StrandBias:0.8,Multiplicity:1.30
0.646	0.037	0.126	0.191
0.141	0.094	0.763	0.002
0.835	0.001	0.001	0.163
0.090	0.001	0.724	0.185
0.791	0.207	0.001	0.001
0.075	0.225	0.639	0.061
0.759	0.239	0.001	0.001
0.104	0.001	0.687	0.208
0.532	0.001	0.283	0.184
0.131	0.001	0.795	0.073
>RCSATACSAT	13-RCSATACSAT	7.013386	-12.378532	0	T:27.0(11.49%),B:2049.5(4.31%),P:1e-5	Tpos:69.8,Tstd:44.2,Bpos:72.8,Bstd:47.9,StrandBias:0.7,Multiplicity:1.28
0.461	0.001	0.537	0.001
0.001	0.495	0.331	0.173
0.001	0.565	0.433	0.001
0.768	0.001	0.001	0.230
0.086	0.001	0.001	0.912
0.557	0.001	0.063	0.379
0.001	0.995	0.003	0.001
0.103	0.462	0.434	0.001
0.550	0.001	0.382	0.067
0.056	0.120	0.001	0.823
>CCGATCGGAT	14-CCGATCGGAT	10.821977	-11.314487	0	T:5.0(2.13%),B:58.2(0.12%),P:1e-4	Tpos:70.7,Tstd:51.1,Bpos:73.7,Bstd:53.5,StrandBias:-1.0,Multiplicity:1.40
0.001	0.997	0.001	0.001
0.001	0.926	0.072	0.001
0.099	0.001	0.899	0.001
0.997	0.001	0.001	0.001
0.001	0.001	0.001	0.997
0.001	0.756	0.152	0.091
0.001	0.236	0.762	0.001
0.001	0.001	0.997	0.001
0.877	0.121	0.001	0.001
0.001	0.115	0.001	0.883
