>ATCTGTATCTGT	7-ATCTGTATCTGT	6.864407	-35.422951	0	T:221.0(21.03%),B:5360.2(12.17%),P:1e-15
0.705	0.117	0.085	0.093
0.099	0.073	0.140	0.688
0.117	0.555	0.188	0.140
0.058	0.062	0.063	0.817
0.056	0.034	0.846	0.064
0.079	0.115	0.065	0.741
0.777	0.020	0.119	0.084
0.049	0.056	0.078	0.817
0.054	0.668	0.197	0.081
0.062	0.069	0.022	0.847
0.071	0.034	0.816	0.079
0.127	0.088	0.060	0.725
