>CACCCRCACTCT	23-CACCCRCACTCT,BestGuess:z/dmmpmm(Down)/fly(0.634)	8.615552	-7.600790	0	T:58.0(5.52%),B:1531.6(3.48%),P:1e-3
0.046	0.816	0.046	0.092
0.861	0.001	0.046	0.092
0.046	0.907	0.046	0.001
0.027	0.730	0.231	0.012
0.177	0.719	0.046	0.058
0.518	0.038	0.397	0.047
0.092	0.861	0.001	0.046
0.861	0.092	0.001	0.046
0.001	0.943	0.046	0.010
0.231	0.084	0.092	0.593
0.001	0.897	0.010	0.092
0.212	0.047	0.138	0.603
