>CAHATKTACATA	21-CAHATKTACATA,BestGuess:twi/dmmpmm(Papatsenko)/fly(0.697)	8.211661	-16.271322	0	T:50.0(4.76%),B:906.3(2.06%),P:1e-7
0.058	0.781	0.056	0.105
0.766	0.014	0.194	0.026
0.291	0.354	0.033	0.322
0.632	0.019	0.017	0.332
0.289	0.046	0.029	0.636
0.074	0.160	0.426	0.341
0.045	0.352	0.036	0.567
0.570	0.025	0.357	0.048
0.304	0.496	0.146	0.053
0.696	0.036	0.020	0.248
0.252	0.206	0.121	0.421
0.623	0.053	0.052	0.272
