>TCTCTCTCTCTC	1-TCTCTCTCTCTC,BestGuess:Trl/dmmpmm(Down)/fly(0.916)	5.495648	-96.558189	0	T:345.0(32.83%),B:6940.3(15.75%),P:1e-41
0.080	0.114	0.113	0.693
0.086	0.749	0.063	0.102
0.090	0.082	0.078	0.750
0.090	0.742	0.070	0.098
0.114	0.098	0.047	0.741
0.039	0.811	0.059	0.091
0.055	0.121	0.070	0.754
0.067	0.797	0.070	0.066
0.087	0.067	0.099	0.747
0.039	0.797	0.082	0.082
0.109	0.102	0.098	0.691
0.098	0.729	0.086	0.087
