>RCGACGTCGMCG	13-RCGACGTCGMCG,BestGuess:Mad/MA0535.1/Jaspar(0.713)	8.414831	-24.153512	0	T:61.0(5.80%),B:978.8(2.22%),P:1e-10
0.356	0.127	0.324	0.193
0.001	0.769	0.001	0.229
0.053	0.001	0.945	0.001
0.629	0.282	0.088	0.001
0.161	0.746	0.001	0.092
0.001	0.001	0.971	0.027
0.203	0.082	0.214	0.501
0.001	0.945	0.001	0.053
0.203	0.001	0.777	0.019
0.343	0.342	0.149	0.165
0.001	0.872	0.001	0.126
0.071	0.001	0.743	0.185
