>TATRTAYATATR	18-TATRTAYATATR	7.858768	-18.536504	0	T:143.0(13.61%),B:3687.5(8.37%),P:1e-8
0.034	0.144	0.165	0.657
0.752	0.085	0.162	0.001
0.035	0.302	0.001	0.662
0.459	0.078	0.462	0.001
0.001	0.023	0.056	0.920
0.938	0.033	0.028	0.001
0.001	0.401	0.062	0.536
0.653	0.001	0.295	0.051
0.001	0.075	0.024	0.900
0.734	0.123	0.142	0.001
0.005	0.389	0.001	0.605
0.483	0.001	0.407	0.109
