>TATGTAMATDTG	21-CAHATKTACATA	8.211661	-16.271322	0	T:50.0(4.76%),B:906.3(2.06%),P:1e-7
0.272	0.052	0.053	0.623
0.421	0.121	0.206	0.252
0.248	0.020	0.036	0.696
0.053	0.146	0.496	0.304
0.048	0.357	0.025	0.570
0.567	0.036	0.352	0.045
0.341	0.426	0.160	0.074
0.636	0.029	0.046	0.289
0.332	0.017	0.019	0.632
0.322	0.033	0.354	0.291
0.026	0.194	0.014	0.766
0.105	0.056	0.781	0.058
