>GAGAGAGAGAGA	1-TCTCTCTCTCTC	5.495648	-96.558189	0	T:345.0(32.83%),B:6940.3(15.75%),P:1e-41
0.087	0.086	0.729	0.098
0.691	0.098	0.102	0.109
0.082	0.082	0.797	0.039
0.747	0.099	0.067	0.087
0.066	0.070	0.797	0.067
0.754	0.070	0.121	0.055
0.091	0.059	0.811	0.039
0.741	0.047	0.098	0.114
0.098	0.070	0.742	0.090
0.750	0.078	0.082	0.090
0.102	0.063	0.749	0.086
0.693	0.113	0.114	0.080
