>AAAACAACAACA	20-AAAACAACAACA	9.647340	-17.613506	0	T:60.0(5.71%),B:1139.9(2.59%),P:1e-7
0.882	0.068	0.049	0.001
0.668	0.114	0.071	0.147
0.683	0.218	0.098	0.001
0.950	0.001	0.048	0.001
0.001	0.946	0.001	0.052
0.818	0.049	0.001	0.132
0.814	0.120	0.049	0.017
0.001	0.788	0.098	0.113
0.861	0.049	0.089	0.001
0.901	0.097	0.001	0.001
0.035	0.849	0.001	0.115
0.901	0.097	0.001	0.001
