>NTCTCTCTCTCD	2-NTCTCTCTCTCD	4.589080	-91.721931	0	T:555.0(52.81%),B:14468.9(32.85%),P:1e-39
0.272	0.265	0.183	0.280
0.133	0.111	0.198	0.558
0.120	0.708	0.029	0.143
0.100	0.068	0.253	0.579
0.065	0.813	0.083	0.039
0.107	0.025	0.101	0.767
0.113	0.749	0.084	0.054
0.161	0.001	0.118	0.720
0.101	0.674	0.118	0.107
0.143	0.104	0.174	0.579
0.077	0.594	0.197	0.132
0.258	0.118	0.269	0.355
