>CGKCGACGTCGY	13-RCGACGTCGMCG	8.414831	-24.153512	0	T:61.0(5.80%),B:978.8(2.22%),P:1e-10
0.185	0.743	0.001	0.071
0.126	0.001	0.872	0.001
0.165	0.149	0.342	0.343
0.019	0.777	0.001	0.203
0.053	0.001	0.945	0.001
0.501	0.214	0.082	0.203
0.027	0.971	0.001	0.001
0.092	0.001	0.746	0.161
0.001	0.088	0.282	0.629
0.001	0.945	0.001	0.053
0.229	0.001	0.769	0.001
0.193	0.324	0.127	0.356
