>AGAGTGYGGGTG	23-CACCCRCACTCT	8.615552	-7.600790	0	T:58.0(5.52%),B:1531.6(3.48%),P:1e-3
0.603	0.138	0.047	0.212
0.092	0.010	0.897	0.001
0.593	0.092	0.084	0.231
0.010	0.046	0.943	0.001
0.046	0.001	0.092	0.861
0.046	0.001	0.861	0.092
0.047	0.397	0.038	0.518
0.058	0.046	0.719	0.177
0.012	0.231	0.730	0.027
0.001	0.046	0.907	0.046
0.092	0.046	0.001	0.861
0.092	0.046	0.816	0.046
