>CGATATAG	1-CGATATAG	8.038299	-11.411072	0	T:6.0(27.27%),B:1032.1(2.43%),P:1e-4	Tpos:75.1,Tstd:41.2,Bpos:76.6,Bstd:54.8,StrandBias:-1.0,Multiplicity:1.50
0.203	0.795	0.001	0.001
0.001	0.001	0.997	0.001
0.843	0.155	0.001	0.001
0.001	0.001	0.134	0.864
0.997	0.001	0.001	0.001
0.001	0.135	0.001	0.863
0.881	0.001	0.117	0.001
0.001	0.108	0.890	0.001
>GGGTCCCC	2-GGGTCCCC	8.606944	-10.970725	0	T:4.0(18.18%),B:303.8(0.72%),P:1e-4	Tpos:85.6,Tstd:50.5,Bpos:76.9,Bstd:59.2,StrandBias:-0.6,Multiplicity:1.00
0.001	0.001	0.997	0.001
0.001	0.001	0.822	0.176
0.001	0.190	0.808	0.001
0.241	0.001	0.001	0.757
0.001	0.997	0.001	0.001
0.168	0.830	0.001	0.001
0.001	0.997	0.001	0.001
0.001	0.997	0.001	0.001
>GAGAGAGT	3-GAGAGAGT	7.542454	-10.423266	0	T:8.0(36.36%),B:2606.2(6.15%),P:1e-4	Tpos:90.2,Tstd:30.8,Bpos:75.9,Bstd:65.0,StrandBias:0.0,Multiplicity:1.50
0.088	0.111	0.685	0.116
0.889	0.109	0.001	0.001
0.001	0.129	0.869	0.001
0.887	0.001	0.034	0.078
0.001	0.001	0.997	0.001
0.896	0.102	0.001	0.001
0.104	0.001	0.783	0.112
0.001	0.001	0.001	0.997
>GGCTGTGC	4-GGCTGTGC	8.236954	-8.797966	0	T:3.0(13.64%),B:200.3(0.47%),P:1e-3	Tpos:78.3,Tstd:45.6,Bpos:75.5,Bstd:54.7,StrandBias:1.0,Multiplicity:1.00
0.100	0.100	0.700	0.100
0.100	0.100	0.700	0.100
0.100	0.700	0.100	0.100
0.100	0.100	0.100	0.700
0.100	0.100	0.700	0.100
0.100	0.100	0.100	0.700
0.100	0.100	0.700	0.100
0.100	0.700	0.100	0.100
>CTTTTATT	5-CTTTTATT	7.954921	-7.817829	0	T:7.0(31.82%),B:2821.3(6.65%),P:1e-3	Tpos:72.4,Tstd:41.8,Bpos:74.6,Bstd:54.5,StrandBias:2.0,Multiplicity:1.43
0.001	0.997	0.001	0.001
0.080	0.001	0.001	0.918
0.118	0.001	0.001	0.880
0.122	0.001	0.001	0.876
0.001	0.001	0.001	0.997
0.947	0.001	0.001	0.051
0.001	0.001	0.142	0.856
0.001	0.001	0.123	0.875
