>ACTCTGTCATTG	1-ACTCTGTCATTG	6.761637	-18.149258	0	T:6.0(27.27%),B:323.4(0.76%),P:1e-7	Tpos:87.9,Tstd:33.3,Bpos:75.8,Bstd:62.5,StrandBias:0.4,Multiplicity:1.17
0.617	0.381	0.001	0.001
0.001	0.995	0.003	0.001
0.001	0.001	0.340	0.658
0.001	0.997	0.001	0.001
0.001	0.001	0.001	0.997
0.003	0.278	0.718	0.001
0.001	0.001	0.001	0.997
0.001	0.682	0.001	0.316
0.683	0.277	0.039	0.001
0.001	0.001	0.321	0.677
0.001	0.001	0.317	0.681
0.001	0.316	0.682	0.001
>TGTSGCCTACYG	2-TGTSGCCTACYG	10.396667	-17.859518	0	T:4.0(18.18%),B:53.2(0.13%),P:1e-7	Tpos:109.0,Tstd:29.7,Bpos:65.7,Bstd:54.0,StrandBias:0.0,Multiplicity:1.00
0.242	0.001	0.274	0.484
0.001	0.001	0.997	0.001
0.001	0.242	0.242	0.515
0.001	0.515	0.483	0.001
0.001	0.274	0.484	0.242
0.001	0.757	0.001	0.241
0.001	0.997	0.001	0.001
0.001	0.001	0.001	0.997
0.484	0.274	0.242	0.001
0.001	0.997	0.001	0.001
0.001	0.515	0.001	0.483
0.001	0.001	0.997	0.001
>GCCCGTYWTRAT	3-GCCCGTYWTRAT	14.395105	-15.868081	0	T:2.0(9.09%),B:1.9(0.00%),P:1e-6	Tpos:96.5,Tstd:2.5,Bpos:15.0,Bstd:0.0,StrandBias:10.0,Multiplicity:1.00
0.001	0.001	0.997	0.001
0.001	0.997	0.001	0.001
0.001	0.997	0.001	0.001
0.001	0.997	0.001	0.001
0.061	0.001	0.937	0.001
0.001	0.001	0.001	0.997
0.001	0.469	0.062	0.469
0.530	0.001	0.001	0.468
0.001	0.001	0.001	0.997
0.530	0.001	0.468	0.001
0.997	0.001	0.001	0.001
0.001	0.001	0.001	0.997
>ATCTCTTCTCTC	4-ATCTCTTCTCTC	11.990692	-14.638534	0	T:3.0(13.64%),B:28.2(0.07%),P:1e-6	Tpos:91.0,Tstd:21.5,Bpos:62.3,Bstd:61.8,StrandBias:1.6,Multiplicity:1.33
0.749	0.001	0.249	0.001
0.249	0.001	0.001	0.749
0.001	0.997	0.001	0.001
0.249	0.001	0.001	0.749
0.250	0.500	0.250	0.001
0.001	0.001	0.001	0.997
0.001	0.001	0.001	0.997
0.001	0.997	0.001	0.001
0.001	0.249	0.001	0.749
0.001	0.997	0.001	0.001
0.001	0.001	0.249	0.749
0.249	0.749	0.001	0.001
>MGATATRGCTAT	5-MGATATRGCTAT	15.149254	-14.482101	0	T:2.0(9.09%),B:2.8(0.01%),P:1e-6	Tpos:102.0,Tstd:40.0,Bpos:138.7,Bstd:1.5,StrandBias:-10.0,Multiplicity:1.00
0.468	0.530	0.001	0.001
0.001	0.001	0.997	0.001
0.997	0.001	0.001	0.001
0.001	0.001	0.001	0.997
0.997	0.001	0.001	0.001
0.001	0.001	0.001	0.997
0.530	0.001	0.468	0.001
0.001	0.001	0.997	0.001
0.001	0.997	0.001	0.001
0.001	0.061	0.001	0.937
0.997	0.001	0.001	0.001
0.001	0.001	0.001	0.997
>ACCMWACATKTY	6-ACCMWACATKTY	8.034894	-14.435529	0	T:8.0(36.36%),B:1514.9(3.57%),P:1e-6	Tpos:92.4,Tstd:44.6,Bpos:74.5,Bstd:52.5,StrandBias:0.0,Multiplicity:1.12
0.575	0.140	0.140	0.145
0.283	0.715	0.001	0.001
0.150	0.709	0.140	0.001
0.429	0.430	0.001	0.140
0.434	0.280	0.001	0.285
0.710	0.004	0.285	0.001
0.001	0.854	0.001	0.144
0.997	0.001	0.001	0.001
0.140	0.140	0.001	0.719
0.145	0.001	0.430	0.424
0.001	0.001	0.001	0.997
0.145	0.434	0.001	0.421
>ATGCACACGTAC	7-ATGCACACGTAC	10.145995	-14.432227	0	T:3.0(13.64%),B:30.6(0.07%),P:1e-6	Tpos:70.0,Tstd:7.0,Bpos:72.4,Bstd:53.9,StrandBias:1.0,Multiplicity:1.00
0.997	0.001	0.001	0.001
0.001	0.116	0.001	0.882
0.001	0.001	0.997	0.001
0.001	0.997	0.001	0.001
0.997	0.001	0.001	0.001
0.001	0.882	0.001	0.116
0.997	0.001	0.001	0.001
0.001	0.997	0.001	0.001
0.001	0.001	0.997	0.001
0.116	0.001	0.001	0.882
0.997	0.001	0.001	0.001
0.001	0.997	0.001	0.001
>ATCGATATTVTG	8-ATCGATATTVTG	12.496715	-13.498799	0	T:3.0(13.64%),B:41.4(0.10%),P:1e-5	Tpos:53.3,Tstd:43.5,Bpos:74.9,Bstd:54.2,StrandBias:1.0,Multiplicity:1.00
0.997	0.001	0.001	0.001
0.001	0.001	0.001	0.997
0.332	0.666	0.001	0.001
0.001	0.001	0.997	0.001
0.666	0.001	0.001	0.332
0.001	0.001	0.001	0.997
0.666	0.332	0.001	0.001
0.001	0.001	0.001	0.997
0.332	0.001	0.001	0.666
0.333	0.333	0.333	0.001
0.001	0.001	0.001	0.997
0.001	0.001	0.997	0.001
>TGTKYMMGTKGR	9-TGTKYMMGTKGR	12.435009	-13.498799	0	T:3.0(13.64%),B:41.1(0.10%),P:1e-5	Tpos:90.7,Tstd:45.8,Bpos:76.1,Bstd:65.9,StrandBias:1.0,Multiplicity:1.00
0.001	0.001	0.001	0.997
0.001	0.001	0.997	0.001
0.001	0.001	0.001	0.997
0.001	0.001	0.530	0.468
0.001	0.468	0.001	0.530
0.530	0.468	0.001	0.001
0.530	0.468	0.001	0.001
0.001	0.001	0.997	0.001
0.001	0.001	0.001	0.997
0.001	0.001	0.530	0.468
0.001	0.001	0.997	0.001
0.468	0.001	0.530	0.001
>ACBTATCGGCCG	10-ACBTATCGGCCG	12.496715	-13.096436	0	T:2.0(9.09%),B:4.4(0.01%),P:1e-5	Tpos:73.3,Tstd:23.9,Bpos:73.4,Bstd:35.8,StrandBias:1.0,Multiplicity:1.00
0.666	0.332	0.001	0.001
0.001	0.997	0.001	0.001
0.001	0.333	0.333	0.333
0.332	0.001	0.001	0.666
0.997	0.001	0.001	0.001
0.001	0.001	0.001	0.997
0.001	0.997	0.001	0.001
0.001	0.001	0.997	0.001
0.001	0.001	0.666	0.332
0.332	0.666	0.001	0.001
0.001	0.997	0.001	0.001
0.001	0.001	0.997	0.001
>GCASTYKSTGYG	11-GCASTYKSTGYG	11.294366	-12.966742	0	T:3.0(13.64%),B:49.7(0.12%),P:1e-5	Tpos:75.3,Tstd:32.3,Bpos:74.2,Bstd:57.6,StrandBias:10.0,Multiplicity:1.00
0.001	0.001	0.997	0.001
0.001	0.997	0.001	0.001
0.997	0.001	0.001	0.001
0.001	0.469	0.469	0.062
0.001	0.001	0.001	0.997
0.001	0.468	0.001	0.530
0.001	0.001	0.468	0.530
0.001	0.530	0.468	0.001
0.001	0.001	0.001	0.997
0.001	0.001	0.997	0.001
0.001	0.530	0.001	0.468
0.001	0.001	0.997	0.001
>TGCAATGTTGTT	12-TGCAATGTTGTT	10.875431	-12.696937	0	T:4.0(18.18%),B:195.5(0.46%),P:1e-5	Tpos:61.8,Tstd:41.5,Bpos:75.6,Bstd:60.2,StrandBias:0.0,Multiplicity:1.00
0.001	0.001	0.318	0.680
0.001	0.001	0.997	0.001
0.001	0.680	0.001	0.318
0.680	0.001	0.001	0.318
0.680	0.001	0.318	0.001
0.001	0.001	0.001	0.997
0.001	0.001	0.997	0.001
0.001	0.318	0.001	0.680
0.318	0.001	0.001	0.680
0.001	0.318	0.680	0.001
0.318	0.001	0.001	0.680
0.318	0.001	0.001	0.680
>SGAATAAAAGCW	13-SGAATAAAAGCW	11.573188	-11.819931	0	T:3.0(13.64%),B:72.3(0.17%),P:1e-5	Tpos:108.2,Tstd:14.0,Bpos:70.0,Bstd:55.8,StrandBias:-1.6,Multiplicity:1.33
0.001	0.483	0.515	0.001
0.242	0.242	0.515	0.001
0.757	0.241	0.001	0.001
0.725	0.273	0.001	0.001
0.241	0.001	0.001	0.757
0.997	0.001	0.001	0.001
0.997	0.001	0.001	0.001
0.757	0.001	0.241	0.001
0.997	0.001	0.001	0.001
0.001	0.001	0.997	0.001
0.001	0.997	0.001	0.001
0.483	0.001	0.001	0.515
>GCGCTBCTTAAC	14-GCGCTBCTTAAC	9.868338	-11.223294	0	T:3.0(13.64%),B:88.3(0.21%),P:1e-4	Tpos:69.7,Tstd:16.4,Bpos:72.0,Bstd:48.4,StrandBias:-1.0,Multiplicity:1.00
0.001	0.318	0.680	0.001
0.001	0.680	0.318	0.001
0.001	0.001	0.997	0.001
0.001	0.997	0.001	0.001
0.001	0.318	0.001	0.680
0.001	0.319	0.319	0.361
0.001	0.997	0.001	0.001
0.001	0.001	0.360	0.638
0.318	0.001	0.001	0.680
0.638	0.001	0.042	0.319
0.997	0.001	0.001	0.001
0.001	0.680	0.001	0.318
>DGTGTTGAADGC	15-DGTGTTGAADGC	7.100465	-10.315633	0	T:7.0(31.82%),B:1892.4(4.46%),P:1e-4	Tpos:82.3,Tstd:14.2,Bpos:75.3,Bstd:51.5,StrandBias:0.4,Multiplicity:1.00
0.326	0.001	0.326	0.347
0.001	0.162	0.836	0.001
0.001	0.001	0.162	0.836
0.001	0.001	0.673	0.325
0.001	0.001	0.325	0.673
0.001	0.001	0.325	0.673
0.162	0.001	0.836	0.001
0.673	0.163	0.001	0.163
0.836	0.001	0.001	0.162
0.326	0.163	0.326	0.185
0.001	0.163	0.673	0.163
0.001	0.836	0.162	0.001
>YCRAARWSTWAA	16-YCRAARWSTWAA	8.295175	-9.912165	0	T:4.0(18.18%),B:398.4(0.94%),P:1e-4	Tpos:67.2,Tstd:24.8,Bpos:72.9,Bstd:48.8,StrandBias:-0.6,Multiplicity:1.25
0.001	0.441	0.001	0.557
0.418	0.580	0.001	0.001
0.535	0.001	0.463	0.001
0.997	0.001	0.001	0.001
0.976	0.001	0.001	0.022
0.486	0.001	0.512	0.001
0.558	0.001	0.022	0.419
0.001	0.557	0.441	0.001
0.001	0.001	0.001	0.997
0.512	0.001	0.001	0.486
0.997	0.001	0.001	0.001
0.997	0.001	0.001	0.001
>CTTGGTDCTTTC	17-CTTGGTDCTTTC	12.496715	-9.692597	0	T:2.0(9.09%),B:22.9(0.05%),P:1e-4	Tpos:46.0,Tstd:30.8,Bpos:63.5,Bstd:36.9,StrandBias:-1.0,Multiplicity:1.50
0.001	0.666	0.001	0.332
0.001	0.001	0.001	0.997
0.001	0.001	0.332	0.666
0.001	0.332	0.666	0.001
0.001	0.001	0.997	0.001
0.001	0.001	0.001	0.997
0.333	0.001	0.333	0.333
0.001	0.997	0.001	0.001
0.001	0.001	0.001	0.997
0.001	0.001	0.001	0.997
0.001	0.332	0.001	0.666
0.001	0.997	0.001	0.001
>ACATTCYCTTCT	18-ACATTCYCTTCT	6.010156	-7.576331	0	T:9.0(40.91%),B:4996.0(11.78%),P:1e-3	Tpos:58.4,Tstd:30.1,Bpos:75.6,Bstd:53.4,StrandBias:1.0,Multiplicity:1.33
0.819	0.001	0.001	0.179
0.090	0.461	0.180	0.270
0.640	0.358	0.001	0.001
0.001	0.179	0.001	0.819
0.090	0.090	0.180	0.640
0.179	0.819	0.001	0.001
0.001	0.461	0.090	0.449
0.001	0.819	0.179	0.001
0.179	0.179	0.001	0.641
0.090	0.090	0.270	0.550
0.270	0.550	0.090	0.090
0.090	0.090	0.001	0.819
>TTATCTGTCAGC	19-TTATCTGTCAGC	12.355432	-7.564297	0	T:1.0(4.55%),B:0.0(0.00%),P:1e-3	Tpos:25.0,Tstd:0.0,Bpos:0.0,Bstd:0.0,StrandBias:10.0,Multiplicity:1.00
0.100	0.100	0.100	0.700
0.100	0.100	0.100	0.700
0.700	0.100	0.100	0.100
0.100	0.100	0.100	0.700
0.100	0.700	0.100	0.100
0.100	0.100	0.100	0.700
0.100	0.100	0.700	0.100
0.100	0.100	0.100	0.700
0.100	0.700	0.100	0.100
0.700	0.100	0.100	0.100
0.100	0.100	0.700	0.100
0.100	0.700	0.100	0.100
>GCTCGAGCGAAG	20-GCTCGAGCGAAG	12.355432	-7.564297	0	T:1.0(4.55%),B:0.0(0.00%),P:1e-3	Tpos:6.0,Tstd:0.0,Bpos:0.0,Bstd:0.0,StrandBias:10.0,Multiplicity:1.00
0.100	0.100	0.700	0.100
0.100	0.700	0.100	0.100
0.100	0.100	0.100	0.700
0.100	0.700	0.100	0.100
0.100	0.100	0.700	0.100
0.700	0.100	0.100	0.100
0.100	0.100	0.700	0.100
0.100	0.700	0.100	0.100
0.100	0.100	0.700	0.100
0.700	0.100	0.100	0.100
0.700	0.100	0.100	0.100
0.100	0.100	0.700	0.100
>ATCCAAAGGTAT	21-ATCCAAAGGTAT	12.355432	-7.564297	0	T:1.0(4.55%),B:0.0(0.00%),P:1e-3	Tpos:50.0,Tstd:0.0,Bpos:0.0,Bstd:0.0,StrandBias:10.0,Multiplicity:1.00
0.700	0.100	0.100	0.100
0.100	0.100	0.100	0.700
0.100	0.700	0.100	0.100
0.100	0.700	0.100	0.100
0.700	0.100	0.100	0.100
0.700	0.100	0.100	0.100
0.700	0.100	0.100	0.100
0.100	0.100	0.700	0.100
0.100	0.100	0.700	0.100
0.100	0.100	0.100	0.700
0.700	0.100	0.100	0.100
0.100	0.100	0.100	0.700
>CGTCTATATCTG	22-CGTCTATATCTG	12.355432	-7.564297	0	T:1.0(4.55%),B:0.0(0.00%),P:1e-3	Tpos:79.0,Tstd:0.0,Bpos:0.0,Bstd:0.0,StrandBias:10.0,Multiplicity:1.00
0.100	0.700	0.100	0.100
0.100	0.100	0.700	0.100
0.100	0.100	0.100	0.700
0.100	0.700	0.100	0.100
0.100	0.100	0.100	0.700
0.700	0.100	0.100	0.100
0.100	0.100	0.100	0.700
0.700	0.100	0.100	0.100
0.100	0.100	0.100	0.700
0.100	0.700	0.100	0.100
0.100	0.100	0.100	0.700
0.100	0.100	0.700	0.100
>CTTGGCTGCGAA	23-CTTGGCTGCGAA	12.355432	-7.564297	0	T:1.0(4.55%),B:1.9(0.00%),P:1e-3	Tpos:97.0,Tstd:0.0,Bpos:121.5,Bstd:4.1,StrandBias:10.0,Multiplicity:1.00
0.100	0.700	0.100	0.100
0.100	0.100	0.100	0.700
0.100	0.100	0.100	0.700
0.100	0.100	0.700	0.100
0.100	0.100	0.700	0.100
0.100	0.700	0.100	0.100
0.100	0.100	0.100	0.700
0.100	0.100	0.700	0.100
0.100	0.700	0.100	0.100
0.100	0.100	0.700	0.100
0.700	0.100	0.100	0.100
0.700	0.100	0.100	0.100
>TAATTCTCAAGT	24-TAATTCTCAAGT	12.355432	-6.871398	0	T:1.0(4.55%),B:2.4(0.01%),P:1e-2	Tpos:76.0,Tstd:0.0,Bpos:31.0,Bstd:0.0,StrandBias:10.0,Multiplicity:1.00
0.100	0.100	0.100	0.700
0.700	0.100	0.100	0.100
0.700	0.100	0.100	0.100
0.100	0.100	0.100	0.700
0.100	0.100	0.100	0.700
0.100	0.700	0.100	0.100
0.100	0.100	0.100	0.700
0.100	0.700	0.100	0.100
0.700	0.100	0.100	0.100
0.700	0.100	0.100	0.100
0.100	0.100	0.700	0.100
0.100	0.100	0.100	0.700
>NAAGAGCGAGAV	25-NAAGAGCGAGAV	7.948498	-6.211313	0	T:5.0(22.73%),B:1806.7(4.26%),P:1e-2	Tpos:93.4,Tstd:43.0,Bpos:76.3,Bstd:78.3,StrandBias:-0.4,Multiplicity:1.40
0.289	0.214	0.284	0.213
0.501	0.143	0.284	0.072
0.568	0.001	0.218	0.213
0.071	0.143	0.785	0.001
0.855	0.072	0.072	0.001
0.071	0.001	0.787	0.141
0.214	0.430	0.142	0.214
0.142	0.071	0.716	0.071
0.786	0.142	0.071	0.001
0.074	0.071	0.853	0.002
0.504	0.141	0.001	0.354
0.290	0.425	0.284	0.001
