>AGCTTTTATT	1-AGCTTTTATT	11.150496	-15.286845	0	T:5.0(22.73%),B:265.0(0.62%),P:1e-6	Tpos:112.8,Tstd:15.4,Bpos:72.1,Bstd:52.1,StrandBias:1.0,Multiplicity:1.20
0.849	0.001	0.001	0.149
0.001	0.001	0.847	0.151
0.001	0.997	0.001	0.001
0.001	0.001	0.001	0.997
0.001	0.001	0.001	0.997
0.001	0.001	0.001	0.997
0.001	0.001	0.001	0.997
0.855	0.001	0.001	0.143
0.001	0.001	0.181	0.817
0.001	0.001	0.196	0.802
>CGTCGGTAGA	2-CGTCGGTAGA	10.296193	-7.564297	0	T:1.0(4.55%),B:1.7(0.00%),P:1e-3	Tpos:117.0,Tstd:0.0,Bpos:74.9,Bstd:27.4,StrandBias:10.0,Multiplicity:1.00
0.100	0.700	0.100	0.100
0.100	0.100	0.700	0.100
0.100	0.100	0.100	0.700
0.100	0.700	0.100	0.100
0.100	0.100	0.700	0.100
0.100	0.100	0.700	0.100
0.100	0.100	0.100	0.700
0.700	0.100	0.100	0.100
0.100	0.100	0.700	0.100
0.700	0.100	0.100	0.100
>ACGTTCGCTA	3-ACGTTCGCTA	10.296193	-7.564297	0	T:1.0(4.55%),B:1.3(0.00%),P:1e-3	Tpos:22.0,Tstd:0.0,Bpos:55.0,Bstd:12.4,StrandBias:10.0,Multiplicity:1.00
0.700	0.100	0.100	0.100
0.100	0.700	0.100	0.100
0.100	0.100	0.700	0.100
0.100	0.100	0.100	0.700
0.100	0.100	0.100	0.700
0.100	0.700	0.100	0.100
0.100	0.100	0.700	0.100
0.100	0.700	0.100	0.100
0.100	0.100	0.100	0.700
0.700	0.100	0.100	0.100
>CCGGTAGGCG	4-CCGGTAGGCG	10.296193	-7.564297	0	T:1.0(4.55%),B:0.0(0.00%),P:1e-3	Tpos:57.0,Tstd:0.0,Bpos:0.0,Bstd:0.0,StrandBias:10.0,Multiplicity:1.00
0.100	0.700	0.100	0.100
0.100	0.700	0.100	0.100
0.100	0.100	0.700	0.100
0.100	0.100	0.700	0.100
0.100	0.100	0.100	0.700
0.700	0.100	0.100	0.100
0.100	0.100	0.700	0.100
0.100	0.100	0.700	0.100
0.100	0.700	0.100	0.100
0.100	0.100	0.700	0.100
>CCCGACCTGC	5-CCCGACCTGC	10.296193	-7.564297	0	T:1.0(4.55%),B:1.1(0.00%),P:1e-3	Tpos:41.0,Tstd:0.0,Bpos:91.9,Bstd:23.2,StrandBias:10.0,Multiplicity:1.00
0.100	0.700	0.100	0.100
0.100	0.700	0.100	0.100
0.100	0.700	0.100	0.100
0.100	0.100	0.700	0.100
0.700	0.100	0.100	0.100
0.100	0.700	0.100	0.100
0.100	0.700	0.100	0.100
0.100	0.100	0.100	0.700
0.100	0.100	0.700	0.100
0.100	0.700	0.100	0.100
>CAGGACGCTT	6-CAGGACGCTT	10.296193	-7.564297	0	T:1.0(4.55%),B:1.7(0.00%),P:1e-3	Tpos:100.0,Tstd:0.0,Bpos:60.7,Bstd:3.6,StrandBias:10.0,Multiplicity:1.00
0.100	0.700	0.100	0.100
0.700	0.100	0.100	0.100
0.100	0.100	0.700	0.100
0.100	0.100	0.700	0.100
0.700	0.100	0.100	0.100
0.100	0.700	0.100	0.100
0.100	0.100	0.700	0.100
0.100	0.700	0.100	0.100
0.100	0.100	0.100	0.700
0.100	0.100	0.100	0.700
>AACCCCACCT	7-AACCCCACCT	10.296193	-7.564297	0	T:1.0(4.55%),B:1.8(0.00%),P:1e-3	Tpos:64.0,Tstd:0.0,Bpos:136.0,Bstd:0.0,StrandBias:10.0,Multiplicity:1.00
0.700	0.100	0.100	0.100
0.700	0.100	0.100	0.100
0.100	0.700	0.100	0.100
0.100	0.700	0.100	0.100
0.100	0.700	0.100	0.100
0.100	0.700	0.100	0.100
0.700	0.100	0.100	0.100
0.100	0.700	0.100	0.100
0.100	0.700	0.100	0.100
0.100	0.100	0.100	0.700
>TCGGAGGTAT	8-TCGGAGGTAT	10.296193	-7.564297	0	T:1.0(4.55%),B:1.6(0.00%),P:1e-3	Tpos:130.0,Tstd:0.0,Bpos:94.9,Bstd:17.3,StrandBias:10.0,Multiplicity:1.00
0.100	0.100	0.100	0.700
0.100	0.700	0.100	0.100
0.100	0.100	0.700	0.100
0.100	0.100	0.700	0.100
0.700	0.100	0.100	0.100
0.100	0.100	0.700	0.100
0.100	0.100	0.700	0.100
0.100	0.100	0.100	0.700
0.700	0.100	0.100	0.100
0.100	0.100	0.100	0.700
>CACGATGCCG	9-CACGATGCCG	10.296193	-7.564297	0	T:1.0(4.55%),B:1.7(0.00%),P:1e-3	Tpos:143.0,Tstd:0.0,Bpos:81.0,Bstd:30.0,StrandBias:10.0,Multiplicity:1.00
0.100	0.700	0.100	0.100
0.700	0.100	0.100	0.100
0.100	0.700	0.100	0.100
0.100	0.100	0.700	0.100
0.700	0.100	0.100	0.100
0.100	0.100	0.100	0.700
0.100	0.100	0.700	0.100
0.100	0.700	0.100	0.100
0.100	0.700	0.100	0.100
0.100	0.100	0.700	0.100
>GTGCCTAGCT	10-GTGCCTAGCT	10.296193	-7.564297	0	T:1.0(4.55%),B:0.5(0.00%),P:1e-3	Tpos:25.0,Tstd:0.0,Bpos:60.0,Bstd:0.0,StrandBias:10.0,Multiplicity:1.00
0.100	0.100	0.700	0.100
0.100	0.100	0.100	0.700
0.100	0.100	0.700	0.100
0.100	0.700	0.100	0.100
0.100	0.700	0.100	0.100
0.100	0.100	0.100	0.700
0.700	0.100	0.100	0.100
0.100	0.100	0.700	0.100
0.100	0.700	0.100	0.100
0.100	0.100	0.100	0.700
>TACGCGGCTA	11-TACGCGGCTA	10.296193	-7.564297	0	T:1.0(4.55%),B:0.6(0.00%),P:1e-3	Tpos:140.0,Tstd:0.0,Bpos:47.0,Bstd:0.0,StrandBias:10.0,Multiplicity:1.00
0.100	0.100	0.100	0.700
0.700	0.100	0.100	0.100
0.100	0.700	0.100	0.100
0.100	0.100	0.700	0.100
0.100	0.700	0.100	0.100
0.100	0.100	0.700	0.100
0.100	0.100	0.700	0.100
0.100	0.700	0.100	0.100
0.100	0.100	0.100	0.700
0.700	0.100	0.100	0.100
>GGGGCCCCYT	12-GGGGCCCCYT	4.714451	-7.043048	0	T:8.0(36.36%),B:4237.9(9.99%),P:1e-3	Tpos:102.2,Tstd:23.0,Bpos:75.0,Bstd:51.3,StrandBias:-0.2,Multiplicity:1.00
0.071	0.142	0.645	0.142
0.150	0.071	0.708	0.071
0.079	0.141	0.779	0.001
0.142	0.142	0.434	0.283
0.142	0.566	0.150	0.142
0.001	0.787	0.001	0.211
0.001	0.857	0.001	0.141
0.071	0.646	0.212	0.071
0.142	0.363	0.212	0.283
0.072	0.212	0.071	0.645
>CTCATAGACT	13-CTCATAGACT	10.296193	-6.871398	0	T:1.0(4.55%),B:2.3(0.01%),P:1e-2	Tpos:94.0,Tstd:0.0,Bpos:66.5,Bstd:20.6,StrandBias:10.0,Multiplicity:1.00
0.100	0.700	0.100	0.100
0.100	0.100	0.100	0.700
0.100	0.700	0.100	0.100
0.700	0.100	0.100	0.100
0.100	0.100	0.100	0.700
0.700	0.100	0.100	0.100
0.100	0.100	0.700	0.100
0.700	0.100	0.100	0.100
0.100	0.700	0.100	0.100
0.100	0.100	0.100	0.700
>CGGAGCGGTT	14-CGGAGCGGTT	10.296193	-6.871398	0	T:1.0(4.55%),B:2.4(0.01%),P:1e-2	Tpos:81.0,Tstd:0.0,Bpos:108.4,Bstd:24.0,StrandBias:10.0,Multiplicity:1.00
0.100	0.700	0.100	0.100
0.100	0.100	0.700	0.100
0.100	0.100	0.700	0.100
0.700	0.100	0.100	0.100
0.100	0.100	0.700	0.100
0.100	0.700	0.100	0.100
0.100	0.100	0.700	0.100
0.100	0.100	0.700	0.100
0.100	0.100	0.100	0.700
0.100	0.100	0.100	0.700
>TCAAGCAAGG	15-TCAAGCAAGG	10.296193	-6.871398	0	T:1.0(4.55%),B:2.1(0.01%),P:1e-2	Tpos:36.0,Tstd:0.0,Bpos:80.0,Bstd:28.5,StrandBias:10.0,Multiplicity:1.00
0.100	0.100	0.100	0.700
0.100	0.700	0.100	0.100
0.700	0.100	0.100	0.100
0.700	0.100	0.100	0.100
0.100	0.100	0.700	0.100
0.100	0.700	0.100	0.100
0.700	0.100	0.100	0.100
0.700	0.100	0.100	0.100
0.100	0.100	0.700	0.100
0.100	0.100	0.700	0.100
>GGTTTAGTCT	16-GGTTTAGTCT	10.296193	-6.871398	0	T:1.0(4.55%),B:2.3(0.01%),P:1e-2	Tpos:67.0,Tstd:0.0,Bpos:62.6,Bstd:29.4,StrandBias:10.0,Multiplicity:1.00
0.100	0.100	0.700	0.100
0.100	0.100	0.700	0.100
0.100	0.100	0.100	0.700
0.100	0.100	0.100	0.700
0.100	0.100	0.100	0.700
0.700	0.100	0.100	0.100
0.100	0.100	0.700	0.100
0.100	0.100	0.100	0.700
0.100	0.700	0.100	0.100
0.100	0.100	0.100	0.700
>TATCGTACGG	17-TATCGTACGG	10.296193	-6.871398	0	T:1.0(4.55%),B:2.8(0.01%),P:1e-2	Tpos:109.0,Tstd:0.0,Bpos:83.4,Bstd:2.4,StrandBias:10.0,Multiplicity:1.00
0.100	0.100	0.100	0.700
0.700	0.100	0.100	0.100
0.100	0.100	0.100	0.700
0.100	0.700	0.100	0.100
0.100	0.100	0.700	0.100
0.100	0.100	0.100	0.700
0.700	0.100	0.100	0.100
0.100	0.700	0.100	0.100
0.100	0.100	0.700	0.100
0.100	0.100	0.700	0.100
>CGAACGACCT	18-CGAACGACCT	10.296193	-6.871398	0	T:1.0(4.55%),B:2.6(0.01%),P:1e-2	Tpos:84.0,Tstd:0.0,Bpos:62.8,Bstd:20.5,StrandBias:10.0,Multiplicity:1.00
0.100	0.700	0.100	0.100
0.100	0.100	0.700	0.100
0.700	0.100	0.100	0.100
0.700	0.100	0.100	0.100
0.100	0.700	0.100	0.100
0.100	0.100	0.700	0.100
0.700	0.100	0.100	0.100
0.100	0.700	0.100	0.100
0.100	0.700	0.100	0.100
0.100	0.100	0.100	0.700
>CGCTTCGTGA	19-CGCTTCGTGA	10.296193	-6.871398	0	T:1.0(4.55%),B:2.7(0.01%),P:1e-2	Tpos:56.0,Tstd:0.0,Bpos:93.0,Bstd:24.4,StrandBias:10.0,Multiplicity:1.00
0.100	0.700	0.100	0.100
0.100	0.100	0.700	0.100
0.100	0.700	0.100	0.100
0.100	0.100	0.100	0.700
0.100	0.100	0.100	0.700
0.100	0.700	0.100	0.100
0.100	0.100	0.700	0.100
0.100	0.100	0.100	0.700
0.100	0.100	0.700	0.100
0.700	0.100	0.100	0.100
>CTCTCTCTCT	20-CTCTCTCTCT	6.404373	-6.846327	0	T:10.0(45.45%),B:6759.1(15.94%),P:1e-2	Tpos:80.3,Tstd:38.8,Bpos:74.8,Bstd:70.5,StrandBias:1.6,Multiplicity:1.70
0.100	0.700	0.100	0.100
0.100	0.100	0.100	0.700
0.100	0.700	0.100	0.100
0.100	0.100	0.100	0.700
0.100	0.700	0.100	0.100
0.100	0.100	0.100	0.700
0.100	0.700	0.100	0.100
0.100	0.100	0.100	0.700
0.100	0.700	0.100	0.100
0.100	0.100	0.100	0.700
>GACCGAGATA	21-GACCGAGATA	10.296193	-6.466180	0	T:1.0(4.55%),B:3.3(0.01%),P:1e-2	Tpos:25.0,Tstd:0.0,Bpos:57.0,Bstd:0.0,StrandBias:10.0,Multiplicity:1.00
0.100	0.100	0.700	0.100
0.700	0.100	0.100	0.100
0.100	0.700	0.100	0.100
0.100	0.700	0.100	0.100
0.100	0.100	0.700	0.100
0.700	0.100	0.100	0.100
0.100	0.100	0.700	0.100
0.700	0.100	0.100	0.100
0.100	0.100	0.100	0.700
0.700	0.100	0.100	0.100
>GCCCCGCTGT	22-GCCCCGCTGT	10.296193	-6.466180	0	T:1.0(4.55%),B:3.9(0.01%),P:1e-2	Tpos:44.0,Tstd:0.0,Bpos:61.4,Bstd:6.3,StrandBias:10.0,Multiplicity:1.00
0.100	0.100	0.700	0.100
0.100	0.700	0.100	0.100
0.100	0.700	0.100	0.100
0.100	0.700	0.100	0.100
0.100	0.700	0.100	0.100
0.100	0.100	0.700	0.100
0.100	0.700	0.100	0.100
0.100	0.100	0.100	0.700
0.100	0.100	0.700	0.100
0.100	0.100	0.100	0.700
>GACCCCACAG	23-GACCCCACAG	10.296193	-6.466180	0	T:1.0(4.55%),B:3.2(0.01%),P:1e-2	Tpos:46.0,Tstd:0.0,Bpos:80.4,Bstd:24.0,StrandBias:10.0,Multiplicity:1.00
0.100	0.100	0.700	0.100
0.700	0.100	0.100	0.100
0.100	0.700	0.100	0.100
0.100	0.700	0.100	0.100
0.100	0.700	0.100	0.100
0.100	0.700	0.100	0.100
0.700	0.100	0.100	0.100
0.100	0.700	0.100	0.100
0.700	0.100	0.100	0.100
0.100	0.100	0.700	0.100
>TGACCCAGCA	24-TGACCCAGCA	10.296193	-6.466180	0	T:1.0(4.55%),B:3.2(0.01%),P:1e-2	Tpos:79.0,Tstd:0.0,Bpos:117.2,Bstd:24.9,StrandBias:10.0,Multiplicity:1.00
0.100	0.100	0.100	0.700
0.100	0.100	0.700	0.100
0.700	0.100	0.100	0.100
0.100	0.700	0.100	0.100
0.100	0.700	0.100	0.100
0.100	0.700	0.100	0.100
0.700	0.100	0.100	0.100
0.100	0.100	0.700	0.100
0.100	0.700	0.100	0.100
0.700	0.100	0.100	0.100
>NNNNNNNNNN	25-NNNNNNNNNN	nan	0.000000	0	T:0.0(0.00%),B:0.0(0.00%),P:1e0	Tpos:0.0,Tstd:0.0,Bpos:0.0,Bstd:0.0,StrandBias:0.0,Multiplicity:1.00
nan	nan	nan	nan
nan	nan	nan	nan
nan	nan	nan	nan
nan	nan	nan	nan
nan	nan	nan	nan
nan	nan	nan	nan
nan	nan	nan	nan
nan	nan	nan	nan
nan	nan	nan	nan
nan	nan	nan	nan
>ACTCTGTCATTG	1-ACTCTGTCATTG	6.761637	-18.149258	0	T:6.0(27.27%),B:323.4(0.76%),P:1e-7	Tpos:87.9,Tstd:33.3,Bpos:75.8,Bstd:62.5,StrandBias:0.4,Multiplicity:1.17
0.617	0.381	0.001	0.001
0.001	0.995	0.003	0.001
0.001	0.001	0.340	0.658
0.001	0.997	0.001	0.001
0.001	0.001	0.001	0.997
0.003	0.278	0.718	0.001
0.001	0.001	0.001	0.997
0.001	0.682	0.001	0.316
0.683	0.277	0.039	0.001
0.001	0.001	0.321	0.677
0.001	0.001	0.317	0.681
0.001	0.316	0.682	0.001
>TGTSGCCTACYG	2-TGTSGCCTACYG	10.396667	-17.859518	0	T:4.0(18.18%),B:53.2(0.13%),P:1e-7	Tpos:109.0,Tstd:29.7,Bpos:65.7,Bstd:54.0,StrandBias:0.0,Multiplicity:1.00
0.242	0.001	0.274	0.484
0.001	0.001	0.997	0.001
0.001	0.242	0.242	0.515
0.001	0.515	0.483	0.001
0.001	0.274	0.484	0.242
0.001	0.757	0.001	0.241
0.001	0.997	0.001	0.001
0.001	0.001	0.001	0.997
0.484	0.274	0.242	0.001
0.001	0.997	0.001	0.001
0.001	0.515	0.001	0.483
0.001	0.001	0.997	0.001
>GCCCGTYWTRAT	3-GCCCGTYWTRAT	14.395105	-15.868081	0	T:2.0(9.09%),B:1.9(0.00%),P:1e-6	Tpos:96.5,Tstd:2.5,Bpos:15.0,Bstd:0.0,StrandBias:10.0,Multiplicity:1.00
0.001	0.001	0.997	0.001
0.001	0.997	0.001	0.001
0.001	0.997	0.001	0.001
0.001	0.997	0.001	0.001
0.061	0.001	0.937	0.001
0.001	0.001	0.001	0.997
0.001	0.469	0.062	0.469
0.530	0.001	0.001	0.468
0.001	0.001	0.001	0.997
0.530	0.001	0.468	0.001
0.997	0.001	0.001	0.001
0.001	0.001	0.001	0.997
>ATCTCTTCTCTC	4-ATCTCTTCTCTC	11.990692	-14.638534	0	T:3.0(13.64%),B:28.2(0.07%),P:1e-6	Tpos:91.0,Tstd:21.5,Bpos:62.3,Bstd:61.8,StrandBias:1.6,Multiplicity:1.33
0.749	0.001	0.249	0.001
0.249	0.001	0.001	0.749
0.001	0.997	0.001	0.001
0.249	0.001	0.001	0.749
0.250	0.500	0.250	0.001
0.001	0.001	0.001	0.997
0.001	0.001	0.001	0.997
0.001	0.997	0.001	0.001
0.001	0.249	0.001	0.749
0.001	0.997	0.001	0.001
0.001	0.001	0.249	0.749
0.249	0.749	0.001	0.001
>MGATATRGCTAT	5-MGATATRGCTAT	15.149254	-14.482101	0	T:2.0(9.09%),B:2.8(0.01%),P:1e-6	Tpos:102.0,Tstd:40.0,Bpos:138.7,Bstd:1.5,StrandBias:-10.0,Multiplicity:1.00
0.468	0.530	0.001	0.001
0.001	0.001	0.997	0.001
0.997	0.001	0.001	0.001
0.001	0.001	0.001	0.997
0.997	0.001	0.001	0.001
0.001	0.001	0.001	0.997
0.530	0.001	0.468	0.001
0.001	0.001	0.997	0.001
0.001	0.997	0.001	0.001
0.001	0.061	0.001	0.937
0.997	0.001	0.001	0.001
0.001	0.001	0.001	0.997
>ACCMWACATKTY	6-ACCMWACATKTY	8.034894	-14.435529	0	T:8.0(36.36%),B:1514.9(3.57%),P:1e-6	Tpos:92.4,Tstd:44.6,Bpos:74.5,Bstd:52.5,StrandBias:0.0,Multiplicity:1.12
0.575	0.140	0.140	0.145
0.283	0.715	0.001	0.001
0.150	0.709	0.140	0.001
0.429	0.430	0.001	0.140
0.434	0.280	0.001	0.285
0.710	0.004	0.285	0.001
0.001	0.854	0.001	0.144
0.997	0.001	0.001	0.001
0.140	0.140	0.001	0.719
0.145	0.001	0.430	0.424
0.001	0.001	0.001	0.997
0.145	0.434	0.001	0.421
>ATGCACACGTAC	7-ATGCACACGTAC	10.145995	-14.432227	0	T:3.0(13.64%),B:30.6(0.07%),P:1e-6	Tpos:70.0,Tstd:7.0,Bpos:72.4,Bstd:53.9,StrandBias:1.0,Multiplicity:1.00
0.997	0.001	0.001	0.001
0.001	0.116	0.001	0.882
0.001	0.001	0.997	0.001
0.001	0.997	0.001	0.001
0.997	0.001	0.001	0.001
0.001	0.882	0.001	0.116
0.997	0.001	0.001	0.001
0.001	0.997	0.001	0.001
0.001	0.001	0.997	0.001
0.116	0.001	0.001	0.882
0.997	0.001	0.001	0.001
0.001	0.997	0.001	0.001
>ATCGATATTVTG	8-ATCGATATTVTG	12.496715	-13.498799	0	T:3.0(13.64%),B:41.4(0.10%),P:1e-5	Tpos:53.3,Tstd:43.5,Bpos:74.9,Bstd:54.2,StrandBias:1.0,Multiplicity:1.00
0.997	0.001	0.001	0.001
0.001	0.001	0.001	0.997
0.332	0.666	0.001	0.001
0.001	0.001	0.997	0.001
0.666	0.001	0.001	0.332
0.001	0.001	0.001	0.997
0.666	0.332	0.001	0.001
0.001	0.001	0.001	0.997
0.332	0.001	0.001	0.666
0.333	0.333	0.333	0.001
0.001	0.001	0.001	0.997
0.001	0.001	0.997	0.001
>TGTKYMMGTKGR	9-TGTKYMMGTKGR	12.435009	-13.498799	0	T:3.0(13.64%),B:41.1(0.10%),P:1e-5	Tpos:90.7,Tstd:45.8,Bpos:76.1,Bstd:65.9,StrandBias:1.0,Multiplicity:1.00
0.001	0.001	0.001	0.997
0.001	0.001	0.997	0.001
0.001	0.001	0.001	0.997
0.001	0.001	0.530	0.468
0.001	0.468	0.001	0.530
0.530	0.468	0.001	0.001
0.530	0.468	0.001	0.001
0.001	0.001	0.997	0.001
0.001	0.001	0.001	0.997
0.001	0.001	0.530	0.468
0.001	0.001	0.997	0.001
0.468	0.001	0.530	0.001
>ACBTATCGGCCG	10-ACBTATCGGCCG	12.496715	-13.096436	0	T:2.0(9.09%),B:4.4(0.01%),P:1e-5	Tpos:73.3,Tstd:23.9,Bpos:73.4,Bstd:35.8,StrandBias:1.0,Multiplicity:1.00
0.666	0.332	0.001	0.001
0.001	0.997	0.001	0.001
0.001	0.333	0.333	0.333
0.332	0.001	0.001	0.666
0.997	0.001	0.001	0.001
0.001	0.001	0.001	0.997
0.001	0.997	0.001	0.001
0.001	0.001	0.997	0.001
0.001	0.001	0.666	0.332
0.332	0.666	0.001	0.001
0.001	0.997	0.001	0.001
0.001	0.001	0.997	0.001
>GCASTYKSTGYG	11-GCASTYKSTGYG	11.294366	-12.966742	0	T:3.0(13.64%),B:49.7(0.12%),P:1e-5	Tpos:75.3,Tstd:32.3,Bpos:74.2,Bstd:57.6,StrandBias:10.0,Multiplicity:1.00
0.001	0.001	0.997	0.001
0.001	0.997	0.001	0.001
0.997	0.001	0.001	0.001
0.001	0.469	0.469	0.062
0.001	0.001	0.001	0.997
0.001	0.468	0.001	0.530
0.001	0.001	0.468	0.530
0.001	0.530	0.468	0.001
0.001	0.001	0.001	0.997
0.001	0.001	0.997	0.001
0.001	0.530	0.001	0.468
0.001	0.001	0.997	0.001
>TGCAATGTTGTT	12-TGCAATGTTGTT	10.875431	-12.696937	0	T:4.0(18.18%),B:195.5(0.46%),P:1e-5	Tpos:61.8,Tstd:41.5,Bpos:75.6,Bstd:60.2,StrandBias:0.0,Multiplicity:1.00
0.001	0.001	0.318	0.680
0.001	0.001	0.997	0.001
0.001	0.680	0.001	0.318
0.680	0.001	0.001	0.318
0.680	0.001	0.318	0.001
0.001	0.001	0.001	0.997
0.001	0.001	0.997	0.001
0.001	0.318	0.001	0.680
0.318	0.001	0.001	0.680
0.001	0.318	0.680	0.001
0.318	0.001	0.001	0.680
0.318	0.001	0.001	0.680
>SGAATAAAAGCW	13-SGAATAAAAGCW	11.573188	-11.819931	0	T:3.0(13.64%),B:72.3(0.17%),P:1e-5	Tpos:108.2,Tstd:14.0,Bpos:70.0,Bstd:55.8,StrandBias:-1.6,Multiplicity:1.33
0.001	0.483	0.515	0.001
0.242	0.242	0.515	0.001
0.757	0.241	0.001	0.001
0.725	0.273	0.001	0.001
0.241	0.001	0.001	0.757
0.997	0.001	0.001	0.001
0.997	0.001	0.001	0.001
0.757	0.001	0.241	0.001
0.997	0.001	0.001	0.001
0.001	0.001	0.997	0.001
0.001	0.997	0.001	0.001
0.483	0.001	0.001	0.515
>GCGCTBCTTAAC	14-GCGCTBCTTAAC	9.868338	-11.223294	0	T:3.0(13.64%),B:88.3(0.21%),P:1e-4	Tpos:69.7,Tstd:16.4,Bpos:72.0,Bstd:48.4,StrandBias:-1.0,Multiplicity:1.00
0.001	0.318	0.680	0.001
0.001	0.680	0.318	0.001
0.001	0.001	0.997	0.001
0.001	0.997	0.001	0.001
0.001	0.318	0.001	0.680
0.001	0.319	0.319	0.361
0.001	0.997	0.001	0.001
0.001	0.001	0.360	0.638
0.318	0.001	0.001	0.680
0.638	0.001	0.042	0.319
0.997	0.001	0.001	0.001
0.001	0.680	0.001	0.318
>DGTGTTGAADGC	15-DGTGTTGAADGC	7.100465	-10.315633	0	T:7.0(31.82%),B:1892.4(4.46%),P:1e-4	Tpos:82.3,Tstd:14.2,Bpos:75.3,Bstd:51.5,StrandBias:0.4,Multiplicity:1.00
0.326	0.001	0.326	0.347
0.001	0.162	0.836	0.001
0.001	0.001	0.162	0.836
0.001	0.001	0.673	0.325
0.001	0.001	0.325	0.673
0.001	0.001	0.325	0.673
0.162	0.001	0.836	0.001
0.673	0.163	0.001	0.163
0.836	0.001	0.001	0.162
0.326	0.163	0.326	0.185
0.001	0.163	0.673	0.163
0.001	0.836	0.162	0.001
>YCRAARWSTWAA	16-YCRAARWSTWAA	8.295175	-9.912165	0	T:4.0(18.18%),B:398.4(0.94%),P:1e-4	Tpos:67.2,Tstd:24.8,Bpos:72.9,Bstd:48.8,StrandBias:-0.6,Multiplicity:1.25
0.001	0.441	0.001	0.557
0.418	0.580	0.001	0.001
0.535	0.001	0.463	0.001
0.997	0.001	0.001	0.001
0.976	0.001	0.001	0.022
0.486	0.001	0.512	0.001
0.558	0.001	0.022	0.419
0.001	0.557	0.441	0.001
0.001	0.001	0.001	0.997
0.512	0.001	0.001	0.486
0.997	0.001	0.001	0.001
0.997	0.001	0.001	0.001
>CTTGGTDCTTTC	17-CTTGGTDCTTTC	12.496715	-9.692597	0	T:2.0(9.09%),B:22.9(0.05%),P:1e-4	Tpos:46.0,Tstd:30.8,Bpos:63.5,Bstd:36.9,StrandBias:-1.0,Multiplicity:1.50
0.001	0.666	0.001	0.332
0.001	0.001	0.001	0.997
0.001	0.001	0.332	0.666
0.001	0.332	0.666	0.001
0.001	0.001	0.997	0.001
0.001	0.001	0.001	0.997
0.333	0.001	0.333	0.333
0.001	0.997	0.001	0.001
0.001	0.001	0.001	0.997
0.001	0.001	0.001	0.997
0.001	0.332	0.001	0.666
0.001	0.997	0.001	0.001
>ACATTCYCTTCT	18-ACATTCYCTTCT	6.010156	-7.576331	0	T:9.0(40.91%),B:4996.0(11.78%),P:1e-3	Tpos:58.4,Tstd:30.1,Bpos:75.6,Bstd:53.4,StrandBias:1.0,Multiplicity:1.33
0.819	0.001	0.001	0.179
0.090	0.461	0.180	0.270
0.640	0.358	0.001	0.001
0.001	0.179	0.001	0.819
0.090	0.090	0.180	0.640
0.179	0.819	0.001	0.001
0.001	0.461	0.090	0.449
0.001	0.819	0.179	0.001
0.179	0.179	0.001	0.641
0.090	0.090	0.270	0.550
0.270	0.550	0.090	0.090
0.090	0.090	0.001	0.819
>TTATCTGTCAGC	19-TTATCTGTCAGC	12.355432	-7.564297	0	T:1.0(4.55%),B:0.0(0.00%),P:1e-3	Tpos:25.0,Tstd:0.0,Bpos:0.0,Bstd:0.0,StrandBias:10.0,Multiplicity:1.00
0.100	0.100	0.100	0.700
0.100	0.100	0.100	0.700
0.700	0.100	0.100	0.100
0.100	0.100	0.100	0.700
0.100	0.700	0.100	0.100
0.100	0.100	0.100	0.700
0.100	0.100	0.700	0.100
0.100	0.100	0.100	0.700
0.100	0.700	0.100	0.100
0.700	0.100	0.100	0.100
0.100	0.100	0.700	0.100
0.100	0.700	0.100	0.100
>GCTCGAGCGAAG	20-GCTCGAGCGAAG	12.355432	-7.564297	0	T:1.0(4.55%),B:0.0(0.00%),P:1e-3	Tpos:6.0,Tstd:0.0,Bpos:0.0,Bstd:0.0,StrandBias:10.0,Multiplicity:1.00
0.100	0.100	0.700	0.100
0.100	0.700	0.100	0.100
0.100	0.100	0.100	0.700
0.100	0.700	0.100	0.100
0.100	0.100	0.700	0.100
0.700	0.100	0.100	0.100
0.100	0.100	0.700	0.100
0.100	0.700	0.100	0.100
0.100	0.100	0.700	0.100
0.700	0.100	0.100	0.100
0.700	0.100	0.100	0.100
0.100	0.100	0.700	0.100
>ATCCAAAGGTAT	21-ATCCAAAGGTAT	12.355432	-7.564297	0	T:1.0(4.55%),B:0.0(0.00%),P:1e-3	Tpos:50.0,Tstd:0.0,Bpos:0.0,Bstd:0.0,StrandBias:10.0,Multiplicity:1.00
0.700	0.100	0.100	0.100
0.100	0.100	0.100	0.700
0.100	0.700	0.100	0.100
0.100	0.700	0.100	0.100
0.700	0.100	0.100	0.100
0.700	0.100	0.100	0.100
0.700	0.100	0.100	0.100
0.100	0.100	0.700	0.100
0.100	0.100	0.700	0.100
0.100	0.100	0.100	0.700
0.700	0.100	0.100	0.100
0.100	0.100	0.100	0.700
>CGTCTATATCTG	22-CGTCTATATCTG	12.355432	-7.564297	0	T:1.0(4.55%),B:0.0(0.00%),P:1e-3	Tpos:79.0,Tstd:0.0,Bpos:0.0,Bstd:0.0,StrandBias:10.0,Multiplicity:1.00
0.100	0.700	0.100	0.100
0.100	0.100	0.700	0.100
0.100	0.100	0.100	0.700
0.100	0.700	0.100	0.100
0.100	0.100	0.100	0.700
0.700	0.100	0.100	0.100
0.100	0.100	0.100	0.700
0.700	0.100	0.100	0.100
0.100	0.100	0.100	0.700
0.100	0.700	0.100	0.100
0.100	0.100	0.100	0.700
0.100	0.100	0.700	0.100
>CTTGGCTGCGAA	23-CTTGGCTGCGAA	12.355432	-7.564297	0	T:1.0(4.55%),B:1.9(0.00%),P:1e-3	Tpos:97.0,Tstd:0.0,Bpos:121.5,Bstd:4.1,StrandBias:10.0,Multiplicity:1.00
0.100	0.700	0.100	0.100
0.100	0.100	0.100	0.700
0.100	0.100	0.100	0.700
0.100	0.100	0.700	0.100
0.100	0.100	0.700	0.100
0.100	0.700	0.100	0.100
0.100	0.100	0.100	0.700
0.100	0.100	0.700	0.100
0.100	0.700	0.100	0.100
0.100	0.100	0.700	0.100
0.700	0.100	0.100	0.100
0.700	0.100	0.100	0.100
>TAATTCTCAAGT	24-TAATTCTCAAGT	12.355432	-6.871398	0	T:1.0(4.55%),B:2.4(0.01%),P:1e-2	Tpos:76.0,Tstd:0.0,Bpos:31.0,Bstd:0.0,StrandBias:10.0,Multiplicity:1.00
0.100	0.100	0.100	0.700
0.700	0.100	0.100	0.100
0.700	0.100	0.100	0.100
0.100	0.100	0.100	0.700
0.100	0.100	0.100	0.700
0.100	0.700	0.100	0.100
0.100	0.100	0.100	0.700
0.100	0.700	0.100	0.100
0.700	0.100	0.100	0.100
0.700	0.100	0.100	0.100
0.100	0.100	0.700	0.100
0.100	0.100	0.100	0.700
>NAAGAGCGAGAV	25-NAAGAGCGAGAV	7.948498	-6.211313	0	T:5.0(22.73%),B:1806.7(4.26%),P:1e-2	Tpos:93.4,Tstd:43.0,Bpos:76.3,Bstd:78.3,StrandBias:-0.4,Multiplicity:1.40
0.289	0.214	0.284	0.213
0.501	0.143	0.284	0.072
0.568	0.001	0.218	0.213
0.071	0.143	0.785	0.001
0.855	0.072	0.072	0.001
0.071	0.001	0.787	0.141
0.214	0.430	0.142	0.214
0.142	0.071	0.716	0.071
0.786	0.142	0.071	0.001
0.074	0.071	0.853	0.002
0.504	0.141	0.001	0.354
0.290	0.425	0.284	0.001
>CGATATAG	1-CGATATAG	8.038299	-11.411072	0	T:6.0(27.27%),B:1032.1(2.43%),P:1e-4	Tpos:75.1,Tstd:41.2,Bpos:76.6,Bstd:54.8,StrandBias:-1.0,Multiplicity:1.50
0.203	0.795	0.001	0.001
0.001	0.001	0.997	0.001
0.843	0.155	0.001	0.001
0.001	0.001	0.134	0.864
0.997	0.001	0.001	0.001
0.001	0.135	0.001	0.863
0.881	0.001	0.117	0.001
0.001	0.108	0.890	0.001
>GGGTCCCC	2-GGGTCCCC	8.606944	-10.970725	0	T:4.0(18.18%),B:303.8(0.72%),P:1e-4	Tpos:85.6,Tstd:50.5,Bpos:76.9,Bstd:59.2,StrandBias:-0.6,Multiplicity:1.00
0.001	0.001	0.997	0.001
0.001	0.001	0.822	0.176
0.001	0.190	0.808	0.001
0.241	0.001	0.001	0.757
0.001	0.997	0.001	0.001
0.168	0.830	0.001	0.001
0.001	0.997	0.001	0.001
0.001	0.997	0.001	0.001
>GAGAGAGT	3-GAGAGAGT	7.542454	-10.423266	0	T:8.0(36.36%),B:2606.2(6.15%),P:1e-4	Tpos:90.2,Tstd:30.8,Bpos:75.9,Bstd:65.0,StrandBias:0.0,Multiplicity:1.50
0.088	0.111	0.685	0.116
0.889	0.109	0.001	0.001
0.001	0.129	0.869	0.001
0.887	0.001	0.034	0.078
0.001	0.001	0.997	0.001
0.896	0.102	0.001	0.001
0.104	0.001	0.783	0.112
0.001	0.001	0.001	0.997
>GGCTGTGC	4-GGCTGTGC	8.236954	-8.797966	0	T:3.0(13.64%),B:200.3(0.47%),P:1e-3	Tpos:78.3,Tstd:45.6,Bpos:75.5,Bstd:54.7,StrandBias:1.0,Multiplicity:1.00
0.100	0.100	0.700	0.100
0.100	0.100	0.700	0.100
0.100	0.700	0.100	0.100
0.100	0.100	0.100	0.700
0.100	0.100	0.700	0.100
0.100	0.100	0.100	0.700
0.100	0.100	0.700	0.100
0.100	0.700	0.100	0.100
>CTTTTATT	5-CTTTTATT	7.954921	-7.817829	0	T:7.0(31.82%),B:2821.3(6.65%),P:1e-3	Tpos:72.4,Tstd:41.8,Bpos:74.6,Bstd:54.5,StrandBias:2.0,Multiplicity:1.43
0.001	0.997	0.001	0.001
0.080	0.001	0.001	0.918
0.118	0.001	0.001	0.880
0.122	0.001	0.001	0.876
0.001	0.001	0.001	0.997
0.947	0.001	0.001	0.051
0.001	0.001	0.142	0.856
0.001	0.001	0.123	0.875
