>AAGAGAAGACGC	1-AAGAGAAGACGC	9.394783	-18.748585	0	T:4.0(26.67%),B:65.2(0.15%),P:1e-8	Tpos:82.5,Tstd:27.5,Bpos:75.2,Bstd:48.1,StrandBias:0.0,Multiplicity:1.00
0.997	0.001	0.001	0.001
0.679	0.001	0.319	0.001
0.001	0.001	0.997	0.001
0.639	0.001	0.359	0.001
0.001	0.001	0.679	0.319
0.959	0.039	0.001	0.001
0.679	0.001	0.001	0.319
0.319	0.001	0.679	0.001
0.639	0.001	0.001	0.359
0.319	0.679	0.001	0.001
0.001	0.001	0.997	0.001
0.001	0.997	0.001	0.001
>CAGACAAACCCA	2-CAGACAAACCCA	14.733391	-17.747452	0	T:3.0(20.00%),B:15.2(0.04%),P:1e-7	Tpos:107.7,Tstd:37.3,Bpos:77.1,Bstd:59.8,StrandBias:10.0,Multiplicity:1.00
0.001	0.997	0.001	0.001
0.997	0.001	0.001	0.001
0.001	0.001	0.997	0.001
0.997	0.001	0.001	0.001
0.001	0.997	0.001	0.001
0.997	0.001	0.001	0.001
0.997	0.001	0.001	0.001
0.997	0.001	0.001	0.001
0.255	0.743	0.001	0.001
0.207	0.512	0.001	0.280
0.001	0.997	0.001	0.001
0.997	0.001	0.001	0.001
>TGGTGVCAGCAC	3-TGGTGVCAGCAC	12.496715	-17.554047	0	T:3.0(20.00%),B:16.5(0.04%),P:1e-7	Tpos:114.3,Tstd:14.1,Bpos:66.2,Bstd:42.9,StrandBias:1.0,Multiplicity:1.00
0.332	0.001	0.001	0.666
0.332	0.001	0.666	0.001
0.001	0.001	0.997	0.001
0.001	0.001	0.001	0.997
0.001	0.001	0.997	0.001
0.333	0.333	0.333	0.001
0.332	0.666	0.001	0.001
0.997	0.001	0.001	0.001
0.001	0.001	0.997	0.001
0.332	0.666	0.001	0.001
0.997	0.001	0.001	0.001
0.001	0.997	0.001	0.001
>GCGKGAASSWKK	4-GCGKGAASSWKK	12.436460	-17.554047	0	T:3.0(20.00%),B:16.9(0.04%),P:1e-7	Tpos:107.7,Tstd:20.9,Bpos:71.4,Bstd:51.7,StrandBias:1.0,Multiplicity:1.00
0.001	0.001	0.997	0.001
0.001	0.997	0.001	0.001
0.001	0.001	0.997	0.001
0.001	0.001	0.528	0.470
0.001	0.001	0.997	0.001
0.997	0.001	0.001	0.001
0.997	0.001	0.001	0.001
0.001	0.470	0.528	0.001
0.001	0.528	0.470	0.001
0.528	0.001	0.001	0.470
0.001	0.001	0.528	0.470
0.001	0.001	0.470	0.528
>GTMWWCKMTAAK	5-GTMWWCKMTAAK	12.436460	-16.466805	0	T:3.0(20.00%),B:23.4(0.05%),P:1e-7	Tpos:55.0,Tstd:12.6,Bpos:67.2,Bstd:31.7,StrandBias:1.0,Multiplicity:1.00
0.001	0.001	0.997	0.001
0.001	0.001	0.001	0.997
0.470	0.528	0.001	0.001
0.470	0.001	0.001	0.528
0.470	0.001	0.001	0.528
0.001	0.997	0.001	0.001
0.001	0.001	0.528	0.470
0.528	0.470	0.001	0.001
0.001	0.001	0.001	0.997
0.997	0.001	0.001	0.001
0.997	0.001	0.001	0.001
0.001	0.001	0.470	0.528
>CGAAKTGCAYAC	6-CGAAKTGCAYAC	9.251212	-15.879069	0	T:5.0(33.33%),B:365.0(0.85%),P:1e-6	Tpos:86.0,Tstd:36.7,Bpos:72.8,Bstd:51.4,StrandBias:10.0,Multiplicity:1.00
0.001	0.997	0.001	0.001
0.001	0.241	0.757	0.001
0.484	0.242	0.001	0.272
0.757	0.001	0.001	0.241
0.001	0.001	0.514	0.484
0.001	0.001	0.001	0.997
0.001	0.241	0.757	0.001
0.241	0.757	0.001	0.001
0.757	0.001	0.001	0.241
0.001	0.484	0.001	0.514
0.757	0.241	0.001	0.001
0.001	0.726	0.001	0.272
>YAMRAWMAMKAC	7-YAMRAWMAMKAC	9.958337	-13.832338	0	T:4.0(26.67%),B:224.1(0.52%),P:1e-6	Tpos:74.0,Tstd:45.0,Bpos:73.0,Bstd:57.5,StrandBias:0.0,Multiplicity:1.00
0.001	0.528	0.001	0.470
0.997	0.001	0.001	0.001
0.528	0.470	0.001	0.001
0.470	0.001	0.470	0.059
0.997	0.001	0.001	0.001
0.470	0.001	0.001	0.528
0.528	0.470	0.001	0.001
0.997	0.001	0.001	0.001
0.470	0.528	0.001	0.001
0.001	0.001	0.528	0.470
0.997	0.001	0.001	0.001
0.001	0.997	0.001	0.001
>CCYCWCACACAA	8-CCYCWCACACAA	10.522636	-13.797195	0	T:4.0(26.67%),B:226.3(0.53%),P:1e-5	Tpos:88.0,Tstd:35.9,Bpos:75.5,Bstd:59.0,StrandBias:0.6,Multiplicity:1.00
0.001	0.997	0.001	0.001
0.289	0.709	0.001	0.001
0.001	0.483	0.001	0.515
0.172	0.655	0.172	0.001
0.462	0.172	0.001	0.365
0.001	0.827	0.171	0.001
0.709	0.289	0.001	0.001
0.001	0.827	0.171	0.001
0.997	0.001	0.001	0.001
0.343	0.655	0.001	0.001
0.997	0.001	0.001	0.001
0.827	0.001	0.001	0.171
>TWTCTSTKSAYW	9-TWTCTSTKSAYW	12.436460	-13.012440	0	T:3.0(20.00%),B:73.9(0.17%),P:1e-5	Tpos:35.3,Tstd:16.5,Bpos:90.3,Bstd:47.1,StrandBias:10.0,Multiplicity:1.00
0.001	0.001	0.001	0.997
0.470	0.001	0.001	0.528
0.001	0.001	0.001	0.997
0.001	0.997	0.001	0.001
0.001	0.001	0.001	0.997
0.001	0.470	0.528	0.001
0.001	0.001	0.001	0.997
0.001	0.001	0.470	0.528
0.001	0.470	0.528	0.001
0.997	0.001	0.001	0.001
0.001	0.528	0.001	0.470
0.470	0.001	0.001	0.528
>STCRCATCGATA	10-STCRCATCGATA	8.371643	-12.114228	0	T:5.0(33.33%),B:788.5(1.84%),P:1e-5	Tpos:88.2,Tstd:44.7,Bpos:76.1,Bstd:53.1,StrandBias:-2.0,Multiplicity:1.00
0.171	0.317	0.341	0.171
0.311	0.001	0.180	0.508
0.326	0.502	0.171	0.001
0.488	0.170	0.341	0.001
0.010	0.819	0.001	0.170
0.997	0.001	0.001	0.001
0.010	0.141	0.001	0.848
0.170	0.663	0.166	0.001
0.001	0.316	0.682	0.001
0.828	0.001	0.170	0.001
0.001	0.001	0.180	0.818
0.653	0.010	0.336	0.001
>RRGSTKGTKTTK	11-RRGSTKGTKTTK	7.465202	-10.514349	0	T:3.0(20.00%),B:169.2(0.40%),P:1e-4	Tpos:95.8,Tstd:50.5,Bpos:74.5,Bstd:54.4,StrandBias:0.0,Multiplicity:1.33
0.470	0.001	0.528	0.001
0.476	0.001	0.522	0.001
0.001	0.001	0.997	0.001
0.001	0.528	0.470	0.001
0.001	0.001	0.001	0.997
0.001	0.001	0.470	0.528
0.001	0.001	0.997	0.001
0.001	0.006	0.052	0.941
0.001	0.001	0.528	0.470
0.001	0.001	0.001	0.997
0.001	0.001	0.001	0.997
0.001	0.001	0.476	0.522
>GCDAATCAGCHG	12-GCDAATCAGCHG	7.747401	-10.456181	0	T:5.0(33.33%),B:1112.5(2.60%),P:1e-4	Tpos:54.7,Tstd:39.7,Bpos:77.0,Bstd:51.2,StrandBias:0.0,Multiplicity:1.20
0.139	0.001	0.859	0.001
0.140	0.579	0.280	0.001
0.421	0.001	0.298	0.280
0.859	0.001	0.001	0.139
0.859	0.001	0.139	0.001
0.001	0.139	0.001	0.859
0.140	0.704	0.016	0.140
0.859	0.001	0.139	0.001
0.001	0.280	0.579	0.140
0.280	0.579	0.001	0.140
0.281	0.283	0.140	0.296
0.280	0.001	0.704	0.015
>YGACWKCSGCKG	13-YGACWKCSGCKG	10.458183	-9.943156	0	T:2.0(13.33%),B:29.5(0.07%),P:1e-4	Tpos:63.0,Tstd:23.9,Bpos:75.2,Bstd:40.5,StrandBias:-1.0,Multiplicity:1.50
0.001	0.528	0.001	0.470
0.001	0.052	0.946	0.001
0.997	0.001	0.001	0.001
0.001	0.997	0.001	0.001
0.470	0.001	0.001	0.528
0.001	0.001	0.528	0.470
0.001	0.997	0.001	0.001
0.001	0.470	0.523	0.006
0.001	0.001	0.997	0.001
0.001	0.997	0.001	0.001
0.001	0.001	0.470	0.528
0.001	0.001	0.997	0.001
>AAAGTGAAACCA	14-AAAGTGAAACCA	12.355432	-7.955027	0	T:1.0(6.67%),B:1.1(0.00%),P:1e-3	Tpos:39.0,Tstd:0.0,Bpos:52.2,Bstd:31.9,StrandBias:10.0,Multiplicity:1.00
0.700	0.100	0.100	0.100
0.700	0.100	0.100	0.100
0.700	0.100	0.100	0.100
0.100	0.100	0.700	0.100
0.100	0.100	0.100	0.700
0.100	0.100	0.700	0.100
0.700	0.100	0.100	0.100
0.700	0.100	0.100	0.100
0.700	0.100	0.100	0.100
0.100	0.700	0.100	0.100
0.100	0.700	0.100	0.100
0.700	0.100	0.100	0.100
>GTTCGTTCATTT	15-GTTCGTTCATTT	12.355432	-7.955027	0	T:1.0(6.67%),B:0.9(0.00%),P:1e-3	Tpos:87.0,Tstd:0.0,Bpos:97.0,Bstd:10.6,StrandBias:10.0,Multiplicity:1.00
0.100	0.100	0.700	0.100
0.100	0.100	0.100	0.700
0.100	0.100	0.100	0.700
0.100	0.700	0.100	0.100
0.100	0.100	0.700	0.100
0.100	0.100	0.100	0.700
0.100	0.100	0.100	0.700
0.100	0.700	0.100	0.100
0.700	0.100	0.100	0.100
0.100	0.100	0.100	0.700
0.100	0.100	0.100	0.700
0.100	0.100	0.100	0.700
>CTCGCCAGCTTA	16-CTCGCCAGCTTA	12.355432	-7.955027	0	T:1.0(6.67%),B:1.6(0.00%),P:1e-3	Tpos:95.0,Tstd:0.0,Bpos:105.7,Bstd:32.6,StrandBias:10.0,Multiplicity:1.00
0.100	0.700	0.100	0.100
0.100	0.100	0.100	0.700
0.100	0.700	0.100	0.100
0.100	0.100	0.700	0.100
0.100	0.700	0.100	0.100
0.100	0.700	0.100	0.100
0.700	0.100	0.100	0.100
0.100	0.100	0.700	0.100
0.100	0.700	0.100	0.100
0.100	0.100	0.100	0.700
0.100	0.100	0.100	0.700
0.700	0.100	0.100	0.100
>TTGTCGACTTGA	17-TTGTCGACTTGA	12.355432	-7.955027	0	T:1.0(6.67%),B:0.5(0.00%),P:1e-3	Tpos:53.0,Tstd:0.0,Bpos:106.0,Bstd:0.0,StrandBias:10.0,Multiplicity:1.00
0.100	0.100	0.100	0.700
0.100	0.100	0.100	0.700
0.100	0.100	0.700	0.100
0.100	0.100	0.100	0.700
0.100	0.700	0.100	0.100
0.100	0.100	0.700	0.100
0.700	0.100	0.100	0.100
0.100	0.700	0.100	0.100
0.100	0.100	0.100	0.700
0.100	0.100	0.100	0.700
0.100	0.100	0.700	0.100
0.700	0.100	0.100	0.100
>CCTGCGCCACCA	18-CCTGCGCCACCA	11.699084	-7.955027	0	T:1.0(6.67%),B:0.5(0.00%),P:1e-3	Tpos:54.0,Tstd:0.0,Bpos:18.0,Bstd:0.0,StrandBias:10.0,Multiplicity:1.00
0.001	0.672	0.326	0.001
0.001	0.510	0.163	0.326
0.162	0.001	0.001	0.836
0.163	0.001	0.673	0.163
0.001	0.836	0.162	0.001
0.001	0.326	0.672	0.001
0.163	0.510	0.326	0.001
0.326	0.510	0.001	0.163
0.673	0.163	0.163	0.001
0.163	0.673	0.163	0.001
0.001	0.673	0.163	0.163
0.836	0.001	0.162	0.001
>AAATGAGAGATT	19-AAATGAGAGATT	12.355432	-7.955027	0	T:1.0(6.67%),B:0.5(0.00%),P:1e-3	Tpos:91.0,Tstd:0.0,Bpos:110.0,Bstd:0.0,StrandBias:10.0,Multiplicity:1.00
0.700	0.100	0.100	0.100
0.700	0.100	0.100	0.100
0.700	0.100	0.100	0.100
0.100	0.100	0.100	0.700
0.100	0.100	0.700	0.100
0.700	0.100	0.100	0.100
0.100	0.100	0.700	0.100
0.700	0.100	0.100	0.100
0.100	0.100	0.700	0.100
0.700	0.100	0.100	0.100
0.100	0.100	0.100	0.700
0.100	0.100	0.100	0.700
>CGAGCGAGGTCA	20-CGAGCGAGGTCA	12.355432	-7.955027	0	T:1.0(6.67%),B:0.7(0.00%),P:1e-3	Tpos:41.0,Tstd:0.0,Bpos:104.0,Bstd:0.0,StrandBias:10.0,Multiplicity:1.00
0.100	0.700	0.100	0.100
0.100	0.100	0.700	0.100
0.700	0.100	0.100	0.100
0.100	0.100	0.700	0.100
0.100	0.700	0.100	0.100
0.100	0.100	0.700	0.100
0.700	0.100	0.100	0.100
0.100	0.100	0.700	0.100
0.100	0.100	0.700	0.100
0.100	0.100	0.100	0.700
0.100	0.700	0.100	0.100
0.700	0.100	0.100	0.100
>TAAGTCACCGCT	21-TAAGTCACCGCT	12.355432	-7.262044	0	T:1.0(6.67%),B:2.2(0.01%),P:1e-3	Tpos:68.0,Tstd:0.0,Bpos:21.0,Bstd:0.0,StrandBias:10.0,Multiplicity:1.00
0.100	0.100	0.100	0.700
0.700	0.100	0.100	0.100
0.700	0.100	0.100	0.100
0.100	0.100	0.700	0.100
0.100	0.100	0.100	0.700
0.100	0.700	0.100	0.100
0.700	0.100	0.100	0.100
0.100	0.700	0.100	0.100
0.100	0.700	0.100	0.100
0.100	0.100	0.700	0.100
0.100	0.700	0.100	0.100
0.100	0.100	0.100	0.700
>CAGAGTACAAAG	22-CAGAGTACAAAG	12.355432	-7.262044	0	T:1.0(6.67%),B:2.2(0.01%),P:1e-3	Tpos:54.0,Tstd:0.0,Bpos:104.0,Bstd:0.0,StrandBias:10.0,Multiplicity:1.00
0.100	0.700	0.100	0.100
0.700	0.100	0.100	0.100
0.100	0.100	0.700	0.100
0.700	0.100	0.100	0.100
0.100	0.100	0.700	0.100
0.100	0.100	0.100	0.700
0.700	0.100	0.100	0.100
0.100	0.700	0.100	0.100
0.700	0.100	0.100	0.100
0.700	0.100	0.100	0.100
0.700	0.100	0.100	0.100
0.100	0.100	0.700	0.100
>GGAAATGACTTT	23-GGAAATGACTTT	12.355432	-7.262044	0	T:1.0(6.67%),B:2.5(0.01%),P:1e-3	Tpos:114.0,Tstd:0.0,Bpos:48.0,Bstd:0.0,StrandBias:10.0,Multiplicity:1.00
0.100	0.100	0.700	0.100
0.100	0.100	0.700	0.100
0.700	0.100	0.100	0.100
0.700	0.100	0.100	0.100
0.700	0.100	0.100	0.100
0.100	0.100	0.100	0.700
0.100	0.100	0.700	0.100
0.700	0.100	0.100	0.100
0.100	0.700	0.100	0.100
0.100	0.100	0.100	0.700
0.100	0.100	0.100	0.700
0.100	0.100	0.100	0.700
>CCAATGCATTAA	24-CCAATGCATTAA	12.355432	-7.262044	0	T:1.0(6.67%),B:2.4(0.01%),P:1e-3	Tpos:139.0,Tstd:0.0,Bpos:7.0,Bstd:0.0,StrandBias:10.0,Multiplicity:1.00
0.100	0.700	0.100	0.100
0.100	0.700	0.100	0.100
0.700	0.100	0.100	0.100
0.700	0.100	0.100	0.100
0.100	0.100	0.100	0.700
0.100	0.100	0.700	0.100
0.100	0.700	0.100	0.100
0.700	0.100	0.100	0.100
0.100	0.100	0.100	0.700
0.100	0.100	0.100	0.700
0.700	0.100	0.100	0.100
0.700	0.100	0.100	0.100
>AGAGGAKGGGSW	25-AGAGGAKGGGSW	11.554660	-6.569224	0	T:1.0(6.67%),B:4.6(0.01%),P:1e-2	Tpos:12.0,Tstd:0.0,Bpos:86.7,Bstd:23.0,StrandBias:-10.0,Multiplicity:1.00
0.804	0.001	0.194	0.001
0.001	0.001	0.997	0.001
0.782	0.001	0.216	0.001
0.414	0.001	0.584	0.001
0.001	0.001	0.997	0.001
0.588	0.390	0.021	0.001
0.219	0.001	0.390	0.390
0.001	0.001	0.997	0.001
0.389	0.001	0.609	0.001
0.001	0.001	0.804	0.194
0.001	0.390	0.414	0.195
0.390	0.022	0.195	0.393
