>AGAKTCWAGSCG	1-AGAKTCWAGSCG	9.610652	-19.487582	0	T:4.0(40.00%),B:93.6(0.20%),P:1e-8	Tpos:72.0,Tstd:15.3,Bpos:69.0,Bstd:41.9,StrandBias:1.6,Multiplicity:1.00
0.609	0.195	0.001	0.195
0.001	0.001	0.997	0.001
0.804	0.001	0.001	0.194
0.001	0.195	0.390	0.413
0.001	0.194	0.001	0.804
0.390	0.608	0.001	0.001
0.390	0.001	0.218	0.390
0.609	0.195	0.195	0.001
0.001	0.001	0.804	0.194
0.001	0.413	0.390	0.195
0.001	0.997	0.001	0.001
0.194	0.001	0.804	0.001
>MTGRCRWMTTCY	2-MTGRCRWMTTCY	9.876758	-16.520627	0	T:3.0(30.00%),B:38.6(0.08%),P:1e-7	Tpos:59.3,Tstd:49.4,Bpos:66.4,Bstd:45.4,StrandBias:10.0,Multiplicity:1.00
0.527	0.471	0.001	0.001
0.001	0.001	0.001	0.997
0.001	0.001	0.997	0.001
0.471	0.001	0.527	0.001
0.001	0.997	0.001	0.001
0.527	0.001	0.471	0.001
0.471	0.001	0.001	0.527
0.527	0.471	0.001	0.001
0.001	0.055	0.001	0.943
0.001	0.001	0.001	0.997
0.001	0.997	0.001	0.001
0.001	0.527	0.001	0.471
>CTTTACAGAATG	3-CTTTACAGAATG	9.165091	-15.000298	0	T:4.0(40.00%),B:287.8(0.62%),P:1e-6	Tpos:41.0,Tstd:29.7,Bpos:78.5,Bstd:45.9,StrandBias:0.0,Multiplicity:1.00
0.242	0.756	0.001	0.001
0.014	0.243	0.243	0.500
0.001	0.255	0.001	0.743
0.256	0.258	0.001	0.485
0.485	0.001	0.271	0.243
0.001	0.997	0.001	0.001
0.997	0.001	0.001	0.001
0.001	0.001	0.997	0.001
0.743	0.001	0.243	0.013
0.486	0.258	0.014	0.243
0.256	0.001	0.243	0.500
0.001	0.001	0.997	0.001
>MWTGGYAKSRGS	4-MWTGGYAKSRGS	11.537377	-14.691545	0	T:3.0(30.00%),B:70.0(0.15%),P:1e-6	Tpos:93.7,Tstd:5.3,Bpos:87.3,Bstd:58.2,StrandBias:1.0,Multiplicity:1.00
0.471	0.527	0.001	0.001
0.473	0.001	0.001	0.525
0.001	0.001	0.001	0.997
0.001	0.001	0.997	0.001
0.001	0.001	0.997	0.001
0.050	0.478	0.001	0.472
0.997	0.001	0.001	0.001
0.002	0.001	0.523	0.474
0.001	0.471	0.527	0.001
0.474	0.054	0.472	0.001
0.053	0.001	0.945	0.001
0.050	0.474	0.474	0.002
>CDMCAATRCDVH	5-CDMCAATRCDVH	6.832519	-13.215649	0	T:7.0(70.00%),B:3632.8(7.88%),P:1e-5	Tpos:63.9,Tstd:38.3,Bpos:76.3,Bstd:50.2,StrandBias:3.2,Multiplicity:1.43
0.001	0.628	0.369	0.002
0.384	0.001	0.246	0.369
0.371	0.505	0.001	0.123
0.004	0.993	0.001	0.002
0.994	0.002	0.002	0.002
0.874	0.002	0.001	0.123
0.127	0.002	0.001	0.870
0.370	0.127	0.380	0.123
0.001	0.751	0.246	0.002
0.374	0.129	0.251	0.246
0.372	0.253	0.372	0.004
0.246	0.376	0.130	0.248
>VCACAGATTVGT	6-VCACAGATTVGT	8.462909	-12.469334	0	T:4.0(40.00%),B:544.7(1.18%),P:1e-5	Tpos:96.0,Tstd:49.5,Bpos:73.0,Bstd:48.7,StrandBias:10.0,Multiplicity:1.00
0.320	0.358	0.320	0.001
0.001	0.678	0.001	0.320
0.678	0.001	0.001	0.320
0.001	0.678	0.320	0.001
0.678	0.001	0.001	0.320
0.001	0.001	0.678	0.320
0.997	0.001	0.001	0.001
0.001	0.001	0.320	0.678
0.001	0.001	0.320	0.678
0.320	0.320	0.358	0.001
0.001	0.001	0.997	0.001
0.320	0.001	0.001	0.678
>AHAAACCGATAA	7-AHAAACCGATAA	9.794670	-10.105541	0	T:3.0(30.00%),B:326.3(0.71%),P:1e-4	Tpos:118.7,Tstd:26.9,Bpos:77.8,Bstd:48.6,StrandBias:1.0,Multiplicity:1.00
0.678	0.320	0.001	0.001
0.358	0.320	0.001	0.320
0.678	0.320	0.001	0.001
0.678	0.001	0.320	0.001
0.678	0.320	0.001	0.001
0.320	0.678	0.001	0.001
0.001	0.678	0.001	0.320
0.001	0.001	0.997	0.001
0.640	0.358	0.001	0.001
0.001	0.320	0.001	0.678
0.997	0.001	0.001	0.001
0.678	0.001	0.320	0.001
>ACTCHCAAGCTC	8-ACTCHCAAGCTC	7.391436	-10.039483	0	T:4.0(40.00%),B:1011.2(2.19%),P:1e-4	Tpos:63.2,Tstd:45.3,Bpos:74.8,Bstd:46.9,StrandBias:0.0,Multiplicity:1.00
0.674	0.001	0.324	0.001
0.001	0.674	0.001	0.324
0.003	0.001	0.320	0.676
0.321	0.675	0.001	0.003
0.321	0.320	0.001	0.358
0.001	0.678	0.001	0.320
0.641	0.001	0.320	0.038
0.641	0.001	0.324	0.034
0.324	0.001	0.641	0.034
0.034	0.645	0.001	0.320
0.001	0.001	0.001	0.997
0.001	0.997	0.001	0.001
>GTGTGGGAKTGT	9-GTGTGGGAKTGT	9.639541	-8.871877	0	T:3.0(30.00%),B:496.0(1.08%),P:1e-3	Tpos:74.4,Tstd:50.7,Bpos:75.0,Bstd:55.0,StrandBias:-0.6,Multiplicity:1.33
0.242	0.001	0.756	0.001
0.001	0.001	0.001	0.997
0.242	0.001	0.756	0.001
0.001	0.001	0.242	0.756
0.001	0.001	0.756	0.242
0.001	0.001	0.997	0.001
0.001	0.242	0.756	0.001
0.513	0.243	0.243	0.001
0.001	0.001	0.485	0.513
0.242	0.001	0.001	0.756
0.001	0.001	0.756	0.242
0.001	0.001	0.242	0.756
>GTTACTTACTCV	10-GTTACTTACTCV	10.180274	-8.867084	0	T:2.0(20.00%),B:82.0(0.18%),P:1e-3	Tpos:60.0,Tstd:29.7,Bpos:74.7,Bstd:42.6,StrandBias:-0.6,Multiplicity:2.50
0.001	0.001	0.997	0.001
0.001	0.001	0.001	0.997
0.320	0.001	0.001	0.678
0.678	0.320	0.001	0.001
0.001	0.678	0.001	0.320
0.001	0.001	0.358	0.640
0.001	0.001	0.320	0.678
0.678	0.001	0.001	0.320
0.001	0.678	0.001	0.320
0.001	0.001	0.001	0.997
0.358	0.640	0.001	0.001
0.320	0.358	0.320	0.001
>CTAAAGTTGTAA	11-CTAAAGTTGTAA	12.355432	-8.436363	0	T:1.0(10.00%),B:0.0(0.00%),P:1e-3	Tpos:138.0,Tstd:0.0,Bpos:0.0,Bstd:0.0,StrandBias:10.0,Multiplicity:1.00
0.100	0.700	0.100	0.100
0.100	0.100	0.100	0.700
0.700	0.100	0.100	0.100
0.700	0.100	0.100	0.100
0.700	0.100	0.100	0.100
0.100	0.100	0.700	0.100
0.100	0.100	0.100	0.700
0.100	0.100	0.100	0.700
0.100	0.100	0.700	0.100
0.100	0.100	0.100	0.700
0.700	0.100	0.100	0.100
0.700	0.100	0.100	0.100
>TGCAGCAACCAC	12-TGCAGCAACCAC	12.355432	-8.436363	0	T:1.0(10.00%),B:0.0(0.00%),P:1e-3	Tpos:69.0,Tstd:0.0,Bpos:0.0,Bstd:0.0,StrandBias:10.0,Multiplicity:1.00
0.100	0.100	0.100	0.700
0.100	0.100	0.700	0.100
0.100	0.700	0.100	0.100
0.700	0.100	0.100	0.100
0.100	0.100	0.700	0.100
0.100	0.700	0.100	0.100
0.700	0.100	0.100	0.100
0.700	0.100	0.100	0.100
0.100	0.700	0.100	0.100
0.100	0.700	0.100	0.100
0.700	0.100	0.100	0.100
0.100	0.700	0.100	0.100
>CTTGCCATGCAG	13-CTTGCCATGCAG	12.355432	-8.436363	0	T:1.0(10.00%),B:1.5(0.00%),P:1e-3	Tpos:32.0,Tstd:0.0,Bpos:34.0,Bstd:0.0,StrandBias:10.0,Multiplicity:1.00
0.100	0.700	0.100	0.100
0.100	0.100	0.100	0.700
0.100	0.100	0.100	0.700
0.100	0.100	0.700	0.100
0.100	0.700	0.100	0.100
0.100	0.700	0.100	0.100
0.700	0.100	0.100	0.100
0.100	0.100	0.100	0.700
0.100	0.100	0.700	0.100
0.100	0.700	0.100	0.100
0.700	0.100	0.100	0.100
0.100	0.100	0.700	0.100
>GTTGTCATCTCT	14-GTTGTCATCTCT	12.355432	-8.436363	0	T:1.0(10.00%),B:0.0(0.00%),P:1e-3	Tpos:112.0,Tstd:0.0,Bpos:0.0,Bstd:0.0,StrandBias:10.0,Multiplicity:1.00
0.100	0.100	0.700	0.100
0.100	0.100	0.100	0.700
0.100	0.100	0.100	0.700
0.100	0.100	0.700	0.100
0.100	0.100	0.100	0.700
0.100	0.700	0.100	0.100
0.700	0.100	0.100	0.100
0.100	0.100	0.100	0.700
0.100	0.700	0.100	0.100
0.100	0.100	0.100	0.700
0.100	0.700	0.100	0.100
0.100	0.100	0.100	0.700
>CCCTTACCTGCT	15-CCCTTACCTGCT	12.355432	-8.436363	0	T:1.0(10.00%),B:0.0(0.00%),P:1e-3	Tpos:89.0,Tstd:0.0,Bpos:0.0,Bstd:0.0,StrandBias:10.0,Multiplicity:1.00
0.100	0.700	0.100	0.100
0.100	0.700	0.100	0.100
0.100	0.700	0.100	0.100
0.100	0.100	0.100	0.700
0.100	0.100	0.100	0.700
0.700	0.100	0.100	0.100
0.100	0.700	0.100	0.100
0.100	0.700	0.100	0.100
0.100	0.100	0.100	0.700
0.100	0.100	0.700	0.100
0.100	0.700	0.100	0.100
0.100	0.100	0.100	0.700
>CAGCTGGTTGAC	16-CAGCTGGTTGAC	12.355432	-8.436363	0	T:1.0(10.00%),B:0.0(0.00%),P:1e-3	Tpos:7.0,Tstd:0.0,Bpos:0.0,Bstd:0.0,StrandBias:10.0,Multiplicity:1.00
0.100	0.700	0.100	0.100
0.700	0.100	0.100	0.100
0.100	0.100	0.700	0.100
0.100	0.700	0.100	0.100
0.100	0.100	0.100	0.700
0.100	0.100	0.700	0.100
0.100	0.100	0.700	0.100
0.100	0.100	0.100	0.700
0.100	0.100	0.100	0.700
0.100	0.100	0.700	0.100
0.700	0.100	0.100	0.100
0.100	0.700	0.100	0.100
>TATCAGCACCTT	17-TATCAGCACCTT	12.355432	-8.436363	0	T:1.0(10.00%),B:0.4(0.00%),P:1e-3	Tpos:127.0,Tstd:0.0,Bpos:85.0,Bstd:0.0,StrandBias:10.0,Multiplicity:1.00
0.100	0.100	0.100	0.700
0.700	0.100	0.100	0.100
0.100	0.100	0.100	0.700
0.100	0.700	0.100	0.100
0.700	0.100	0.100	0.100
0.100	0.100	0.700	0.100
0.100	0.700	0.100	0.100
0.700	0.100	0.100	0.100
0.100	0.700	0.100	0.100
0.100	0.700	0.100	0.100
0.100	0.100	0.100	0.700
0.100	0.100	0.100	0.700
>GAGCAAGTTAAC	18-GAGCAAGTTAAC	12.355432	-8.436363	0	T:1.0(10.00%),B:0.0(0.00%),P:1e-3	Tpos:62.0,Tstd:0.0,Bpos:0.0,Bstd:0.0,StrandBias:10.0,Multiplicity:1.00
0.100	0.100	0.700	0.100
0.700	0.100	0.100	0.100
0.100	0.100	0.700	0.100
0.100	0.700	0.100	0.100
0.700	0.100	0.100	0.100
0.700	0.100	0.100	0.100
0.100	0.100	0.700	0.100
0.100	0.100	0.100	0.700
0.100	0.100	0.100	0.700
0.700	0.100	0.100	0.100
0.700	0.100	0.100	0.100
0.100	0.700	0.100	0.100
>CATGACATACCA	19-CATGACATACCA	16.158820	-8.436363	0	T:1.0(10.00%),B:0.0(0.00%),P:1e-3	Tpos:114.0,Tstd:0.0,Bpos:0.0,Bstd:0.0,StrandBias:10.0,Multiplicity:1.00
0.001	0.997	0.001	0.001
0.997	0.001	0.001	0.001
0.001	0.001	0.001	0.997
0.105	0.001	0.893	0.001
0.893	0.105	0.001	0.001
0.001	0.997	0.001	0.001
0.997	0.001	0.001	0.001
0.001	0.001	0.001	0.997
0.893	0.001	0.105	0.001
0.105	0.893	0.001	0.001
0.001	0.997	0.001	0.001
0.997	0.001	0.001	0.001
>CGCAGCTGCCAG	20-CGCAGCTGCCAG	12.355432	-7.743313	0	T:1.0(10.00%),B:2.7(0.01%),P:1e-3	Tpos:32.0,Tstd:0.0,Bpos:67.0,Bstd:0.0,StrandBias:10.0,Multiplicity:1.00
0.100	0.700	0.100	0.100
0.100	0.100	0.700	0.100
0.100	0.700	0.100	0.100
0.700	0.100	0.100	0.100
0.100	0.100	0.700	0.100
0.100	0.700	0.100	0.100
0.100	0.100	0.100	0.700
0.100	0.100	0.700	0.100
0.100	0.700	0.100	0.100
0.100	0.700	0.100	0.100
0.700	0.100	0.100	0.100
0.100	0.100	0.700	0.100
>AAAAGAGTGGAT	21-AAAAGAGTGGAT	12.355432	-7.743313	0	T:1.0(10.00%),B:2.6(0.01%),P:1e-3	Tpos:144.0,Tstd:0.0,Bpos:40.0,Bstd:0.0,StrandBias:10.0,Multiplicity:1.00
0.700	0.100	0.100	0.100
0.700	0.100	0.100	0.100
0.700	0.100	0.100	0.100
0.700	0.100	0.100	0.100
0.100	0.100	0.700	0.100
0.700	0.100	0.100	0.100
0.100	0.100	0.700	0.100
0.100	0.100	0.100	0.700
0.100	0.100	0.700	0.100
0.100	0.100	0.700	0.100
0.700	0.100	0.100	0.100
0.100	0.100	0.100	0.700
>TTAAGTGGCAAG	22-TTAAGTGGCAAG	12.355432	-7.743313	0	T:1.0(10.00%),B:2.1(0.00%),P:1e-3	Tpos:126.0,Tstd:0.0,Bpos:76.7,Bstd:23.2,StrandBias:10.0,Multiplicity:1.00
0.100	0.100	0.100	0.700
0.100	0.100	0.100	0.700
0.700	0.100	0.100	0.100
0.700	0.100	0.100	0.100
0.100	0.100	0.700	0.100
0.100	0.100	0.100	0.700
0.100	0.100	0.700	0.100
0.100	0.100	0.700	0.100
0.100	0.700	0.100	0.100
0.700	0.100	0.100	0.100
0.700	0.100	0.100	0.100
0.100	0.100	0.700	0.100
>GCAGCAGATTCC	23-GCAGCAGATTCC	12.355432	-7.743313	0	T:1.0(10.00%),B:2.3(0.01%),P:1e-3	Tpos:112.0,Tstd:0.0,Bpos:86.7,Bstd:34.4,StrandBias:10.0,Multiplicity:1.00
0.100	0.100	0.700	0.100
0.100	0.700	0.100	0.100
0.700	0.100	0.100	0.100
0.100	0.100	0.700	0.100
0.100	0.700	0.100	0.100
0.700	0.100	0.100	0.100
0.100	0.100	0.700	0.100
0.700	0.100	0.100	0.100
0.100	0.100	0.100	0.700
0.100	0.100	0.100	0.700
0.100	0.700	0.100	0.100
0.100	0.700	0.100	0.100
>CCTGCCATTGAT	24-CCTGCCATTGAT	12.355432	-7.743313	0	T:1.0(10.00%),B:2.2(0.00%),P:1e-3	Tpos:67.0,Tstd:0.0,Bpos:111.5,Bstd:29.6,StrandBias:10.0,Multiplicity:1.00
0.100	0.700	0.100	0.100
0.100	0.700	0.100	0.100
0.100	0.100	0.100	0.700
0.100	0.100	0.700	0.100
0.100	0.700	0.100	0.100
0.100	0.700	0.100	0.100
0.700	0.100	0.100	0.100
0.100	0.100	0.100	0.700
0.100	0.100	0.100	0.700
0.100	0.100	0.700	0.100
0.700	0.100	0.100	0.100
0.100	0.100	0.100	0.700
>ACTCACACCAAA	25-ACTCACACCAAA	12.355432	-7.337946	0	T:1.0(10.00%),B:3.2(0.01%),P:1e-3	Tpos:110.0,Tstd:0.0,Bpos:49.5,Bstd:8.2,StrandBias:10.0,Multiplicity:1.00
0.700	0.100	0.100	0.100
0.100	0.700	0.100	0.100
0.100	0.100	0.100	0.700
0.100	0.700	0.100	0.100
0.700	0.100	0.100	0.100
0.100	0.700	0.100	0.100
0.700	0.100	0.100	0.100
0.100	0.700	0.100	0.100
0.100	0.700	0.100	0.100
0.700	0.100	0.100	0.100
0.700	0.100	0.100	0.100
0.700	0.100	0.100	0.100
