>ATTTAAAATKCA	5-ATTTAAAATKCA,BestGuess:Unknown6/Drosophila-Promoters/Homer(0.736)	10.220455	-43.934555	0	T:42.0(4.54%),B:350.2(0.75%),P:1e-19
0.725	0.056	0.016	0.203
0.232	0.021	0.159	0.588
0.089	0.032	0.037	0.842
0.266	0.084	0.021	0.629
0.752	0.040	0.071	0.137
0.545	0.362	0.030	0.063
0.870	0.060	0.011	0.059
0.598	0.042	0.055	0.305
0.098	0.017	0.026	0.859
0.051	0.028	0.501	0.420
0.219	0.469	0.182	0.130
0.853	0.047	0.065	0.035
