>TCGGTTCGGTTC	6-GAACCGAACCGA	7.624111	-33.149111	0	T:69.0(7.45%),B:1176.0(2.51%),P:1e-14
0.090	0.055	0.037	0.818
0.072	0.741	0.145	0.042
0.181	0.090	0.567	0.162
0.106	0.109	0.731	0.054
0.036	0.126	0.001	0.837
0.036	0.054	0.090	0.820
0.054	0.849	0.055	0.042
0.199	0.109	0.656	0.036
0.124	0.108	0.677	0.091
0.143	0.091	0.036	0.730
0.036	0.036	0.109	0.819
0.091	0.760	0.072	0.077
