>AGAGAGAGAGAG	8-AGAGAGAGAGAG,BestGuess:Trl/dmmpmm(Down)/fly(0.858)	6.288685	-31.580739	0	T:130.0(14.04%),B:3229.9(6.90%),P:1e-13
0.707	0.085	0.106	0.102
0.119	0.078	0.741	0.062
0.701	0.116	0.086	0.097
0.094	0.026	0.841	0.039
0.812	0.075	0.055	0.058
0.146	0.050	0.782	0.022
0.669	0.166	0.086	0.079
0.051	0.150	0.759	0.040
0.502	0.108	0.265	0.125
0.103	0.085	0.726	0.086
0.660	0.073	0.185	0.082
0.220	0.127	0.615	0.038
