>TCTCTCTCTCTC	22-TCTCTCTCTCTC	7.734713	-17.452180	0	T:69.0(7.45%),B:1695.9(3.62%),P:1e-7
0.119	0.025	0.049	0.807
0.072	0.739	0.082	0.107
0.024	0.001	0.073	0.902
0.094	0.606	0.171	0.129
0.031	0.001	0.073	0.895
0.153	0.586	0.076	0.185
0.049	0.069	0.129	0.753
0.049	0.731	0.122	0.098
0.147	0.074	0.147	0.632
0.010	0.665	0.120	0.205
0.197	0.025	0.025	0.753
0.020	0.931	0.048	0.001
