>GCGAGHSAGCDR	17-YHGCTSDCTCGC	7.317623	-20.197268	0	T:84.0(9.07%),B:2101.7(4.49%),P:1e-8
0.001	0.126	0.594	0.279
0.282	0.443	0.001	0.274
0.001	0.302	0.552	0.145
0.499	0.148	0.101	0.253
0.245	0.010	0.621	0.124
0.389	0.262	0.001	0.348
0.001	0.441	0.557	0.001
0.772	0.001	0.001	0.226
0.146	0.001	0.852	0.001
0.001	0.933	0.001	0.065
0.289	0.117	0.288	0.306
0.438	0.001	0.560	0.001
