>TGMATTTTAAAT	5-ATTTAAAATKCA	10.220455	-43.934555	0	T:42.0(4.54%),B:350.2(0.75%),P:1e-19
0.035	0.065	0.047	0.853
0.130	0.182	0.469	0.219
0.420	0.501	0.028	0.051
0.859	0.026	0.017	0.098
0.305	0.055	0.042	0.598
0.059	0.011	0.060	0.870
0.063	0.030	0.362	0.545
0.137	0.071	0.040	0.752
0.629	0.021	0.084	0.266
0.842	0.037	0.032	0.089
0.588	0.159	0.021	0.232
0.203	0.016	0.056	0.725
