>AAAAAAAAAAAA	25-TTTTTTTTTTTT	9.957878	-4.330796	0	T:42.0(4.54%),B:1473.3(3.15%),P:1e-1
0.622	0.023	0.153	0.202
0.675	0.162	0.030	0.133
0.735	0.034	0.007	0.224
0.678	0.032	0.117	0.173
0.628	0.053	0.131	0.188
0.767	0.047	0.017	0.169
0.752	0.071	0.039	0.138
0.786	0.051	0.016	0.147
0.645	0.170	0.041	0.144
0.689	0.266	0.042	0.003
0.645	0.232	0.122	0.001
0.603	0.227	0.148	0.022
