>GAGAGGGAGAGA	23-GAGAGGGAGAGA	7.477597	-8.147533	0	T:44.0(4.75%),B:1263.0(2.70%),P:1e-3
0.067	0.070	0.837	0.026
0.639	0.129	0.103	0.129
0.106	0.051	0.740	0.103
0.673	0.122	0.051	0.154
0.103	0.107	0.636	0.154
0.001	0.032	0.916	0.051
0.077	0.147	0.750	0.026
0.716	0.071	0.103	0.110
0.161	0.001	0.813	0.025
0.847	0.051	0.051	0.051
0.106	0.144	0.673	0.077
0.769	0.077	0.103	0.051
