>CGACCAAAAK	1-CGACCAAAAK	9.094867	-23.097013	0	T:11.0(22.00%),B:631.9(1.40%),P:1e-10	Tpos:95.5,Tstd:38.5,Bpos:73.9,Bstd:47.9,StrandBias:-0.3,Multiplicity:1.00
0.001	0.452	0.258	0.290
0.001	0.423	0.575	0.001
0.790	0.001	0.001	0.208
0.001	0.997	0.001	0.001
0.001	0.719	0.279	0.001
0.997	0.001	0.001	0.001
0.997	0.001	0.001	0.001
0.997	0.001	0.001	0.001
0.983	0.015	0.001	0.001
0.001	0.001	0.536	0.462
>TTGAGCGGGA	2-TTGAGCGGGA	9.507298	-22.506058	0	T:8.0(16.00%),B:224.8(0.50%),P:1e-9	Tpos:79.4,Tstd:39.9,Bpos:78.8,Bstd:50.2,StrandBias:0.0,Multiplicity:1.00
0.001	0.001	0.276	0.722
0.001	0.001	0.001	0.997
0.001	0.288	0.489	0.222
0.597	0.001	0.221	0.181
0.276	0.001	0.722	0.001
0.001	0.997	0.001	0.001
0.001	0.001	0.997	0.001
0.001	0.276	0.722	0.001
0.001	0.189	0.809	0.001
0.997	0.001	0.001	0.001
>TCTGASGAGA	3-TCTGASGAGA	5.808866	-20.116493	0	T:9.0(18.00%),B:453.1(1.01%),P:1e-8	Tpos:69.6,Tstd:33.0,Bpos:74.6,Bstd:49.8,StrandBias:-1.0,Multiplicity:1.00
0.001	0.001	0.301	0.697
0.001	0.997	0.001	0.001
0.245	0.001	0.001	0.753
0.001	0.001	0.997	0.001
0.980	0.009	0.010	0.001
0.001	0.434	0.564	0.001
0.001	0.001	0.997	0.001
0.619	0.001	0.001	0.379
0.001	0.010	0.988	0.001
0.988	0.010	0.001	0.001
>AATCGGTAGT	4-AATCGGTAGT	9.554884	-19.659747	0	T:7.0(14.00%),B:200.6(0.45%),P:1e-8	Tpos:73.7,Tstd:46.0,Bpos:75.4,Bstd:49.3,StrandBias:1.3,Multiplicity:1.00
0.997	0.001	0.001	0.001
0.997	0.001	0.001	0.001
0.001	0.001	0.001	0.997
0.001	0.997	0.001	0.001
0.001	0.001	0.997	0.001
0.229	0.001	0.769	0.001
0.245	0.001	0.001	0.753
0.997	0.001	0.001	0.001
0.001	0.001	0.753	0.245
0.001	0.001	0.001	0.997
>ASACAAACCC	5-ASACAAACCC	9.845097	-14.213582	0	T:6.0(12.00%),B:276.2(0.61%),P:1e-6	Tpos:118.6,Tstd:15.4,Bpos:70.5,Bstd:58.6,StrandBias:1.6,Multiplicity:1.33
0.997	0.001	0.001	0.001
0.217	0.334	0.448	0.001
0.997	0.001	0.001	0.001
0.001	0.839	0.001	0.159
0.997	0.001	0.001	0.001
0.661	0.337	0.001	0.001
0.852	0.146	0.001	0.001
0.001	0.997	0.001	0.001
0.105	0.893	0.001	0.001
0.001	0.997	0.001	0.001
>TATCGATATK	6-TATCGATATK	10.322446	-12.490761	0	T:5.0(10.00%),B:208.9(0.46%),P:1e-5	Tpos:79.3,Tstd:38.2,Bpos:60.5,Bstd:41.2,StrandBias:-1.0,Multiplicity:1.00
0.007	0.371	0.001	0.621
0.779	0.001	0.001	0.219
0.001	0.001	0.001	0.997
0.073	0.782	0.001	0.144
0.001	0.073	0.925	0.001
0.997	0.001	0.001	0.001
0.001	0.001	0.001	0.997
0.992	0.001	0.006	0.001
0.257	0.001	0.127	0.615
0.150	0.113	0.328	0.409
>AGAGAGAGAG	7-AGAGAGAGAG	7.538216	-9.997158	0	T:12.0(24.00%),B:2810.5(6.25%),P:1e-4	Tpos:77.1,Tstd:40.4,Bpos:75.5,Bstd:66.9,StrandBias:1.8,Multiplicity:1.33
0.832	0.120	0.001	0.047
0.153	0.095	0.711	0.041
0.819	0.095	0.029	0.057
0.129	0.032	0.763	0.076
0.810	0.087	0.001	0.102
0.023	0.139	0.804	0.034
0.838	0.065	0.031	0.066
0.022	0.031	0.875	0.072
0.741	0.058	0.031	0.170
0.053	0.103	0.814	0.030
>CAGACAAACCCA	1-CAGACAAACCCA	14.887349	-18.103885	0	T:3.0(6.00%),B:4.4(0.01%),P:1e-7	Tpos:107.7,Tstd:37.3,Bpos:8.2,Bstd:0.5,StrandBias:10.0,Multiplicity:1.00
0.001	0.997	0.001	0.001
0.997	0.001	0.001	0.001
0.001	0.001	0.997	0.001
0.997	0.001	0.001	0.001
0.001	0.997	0.001	0.001
0.997	0.001	0.001	0.001
0.997	0.001	0.001	0.001
0.997	0.001	0.001	0.001
0.218	0.780	0.001	0.001
0.230	0.494	0.001	0.275
0.001	0.997	0.001	0.001
0.997	0.001	0.001	0.001
>YATTTTTCGTTT	2-YATTTTTCGTTT	9.629529	-16.314964	0	T:5.0(10.00%),B:95.5(0.21%),P:1e-7	Tpos:78.2,Tstd:31.8,Bpos:71.9,Bstd:55.0,StrandBias:-0.6,Multiplicity:1.00
0.001	0.501	0.001	0.497
0.997	0.001	0.001	0.001
0.001	0.001	0.001	0.997
0.001	0.001	0.025	0.973
0.001	0.001	0.001	0.997
0.001	0.001	0.001	0.997
0.001	0.001	0.001	0.997
0.398	0.577	0.024	0.001
0.001	0.001	0.997	0.001
0.001	0.001	0.001	0.997
0.080	0.001	0.001	0.918
0.001	0.001	0.001	0.997
>TTTTGTTTTGCT	3-TTTTGTTTTGCT	9.905423	-13.696696	0	T:12.0(24.00%),B:1948.6(4.33%),P:1e-5	Tpos:79.6,Tstd:31.6,Bpos:75.9,Bstd:57.1,StrandBias:-0.2,Multiplicity:1.50
0.066	0.070	0.050	0.814
0.004	0.001	0.001	0.994
0.001	0.001	0.255	0.743
0.001	0.141	0.133	0.725
0.001	0.161	0.780	0.058
0.161	0.070	0.001	0.768
0.001	0.001	0.094	0.904
0.095	0.001	0.095	0.809
0.001	0.001	0.001	0.997
0.001	0.001	0.973	0.025
0.106	0.566	0.189	0.139
0.001	0.001	0.065	0.933
>TTCGATATATSK	4-TTCGATATATSK	9.056741	-13.630132	0	T:7.0(14.00%),B:490.7(1.09%),P:1e-5	Tpos:84.6,Tstd:44.6,Bpos:71.9,Bstd:48.9,StrandBias:1.0,Multiplicity:1.00
0.121	0.237	0.230	0.411
0.237	0.001	0.237	0.525
0.333	0.665	0.001	0.001
0.001	0.278	0.720	0.001
0.997	0.001	0.001	0.001
0.001	0.236	0.001	0.762
0.997	0.001	0.001	0.001
0.001	0.001	0.181	0.817
0.754	0.001	0.237	0.008
0.001	0.236	0.001	0.762
0.001	0.427	0.334	0.238
0.001	0.008	0.428	0.563
>GAAGAAGAAGAA	5-GAAGAAGAAGAA	14.170358	-9.405338	0	T:3.0(6.00%),B:74.2(0.16%),P:1e-4	Tpos:39.6,Tstd:34.9,Bpos:82.8,Bstd:50.0,StrandBias:10.0,Multiplicity:1.00
0.001	0.157	0.841	0.001
0.997	0.001	0.001	0.001
0.997	0.001	0.001	0.001
0.001	0.001	0.997	0.001
0.997	0.001	0.001	0.001
0.997	0.001	0.001	0.001
0.193	0.001	0.805	0.001
0.997	0.001	0.001	0.001
0.693	0.305	0.001	0.001
0.001	0.001	0.997	0.001
0.997	0.001	0.001	0.001
0.774	0.224	0.001	0.001
>ACSAAAAM	1-ACSAAAAM	7.438636	-18.660530	0	T:22.0(44.00%),B:5190.7(11.54%),P:1e-8	Tpos:81.4,Tstd:44.3,Bpos:74.5,Bstd:52.7,StrandBias:0.2,Multiplicity:1.14
0.997	0.001	0.001	0.001
0.001	0.997	0.001	0.001
0.001	0.552	0.446	0.001
0.997	0.001	0.001	0.001
0.997	0.001	0.001	0.001
0.847	0.151	0.001	0.001
0.997	0.001	0.001	0.001
0.316	0.457	0.136	0.091
>TTATCGAT	2-TTATCGAT	7.344182	-11.030352	0	T:10.0(20.00%),B:1713.8(3.81%),P:1e-4	Tpos:69.1,Tstd:38.9,Bpos:68.7,Bstd:46.2,StrandBias:-0.5,Multiplicity:1.30
0.266	0.108	0.001	0.625
0.058	0.001	0.001	0.940
0.997	0.001	0.001	0.001
0.001	0.087	0.001	0.911
0.001	0.900	0.001	0.098
0.037	0.001	0.961	0.001
0.891	0.049	0.001	0.059
0.057	0.075	0.001	0.867
>CTCCGCTG	3-CTCCGCTG	6.492837	-10.993237	0	T:15.0(30.00%),B:3964.3(8.81%),P:1e-4	Tpos:60.6,Tstd:32.9,Bpos:75.4,Bstd:54.4,StrandBias:1.6,Multiplicity:1.27
0.224	0.662	0.112	0.002
0.094	0.001	0.087	0.818
0.001	0.925	0.001	0.073
0.044	0.893	0.001	0.062
0.001	0.001	0.694	0.304
0.001	0.997	0.001	0.001
0.129	0.088	0.001	0.782
0.001	0.069	0.845	0.085
>ACAMACCC	4-ACAMACCC	9.303899	-10.012749	0	T:6.0(12.00%),B:580.9(1.29%),P:1e-4	Tpos:112.9,Tstd:12.8,Bpos:75.5,Bstd:51.5,StrandBias:10.0,Multiplicity:1.17
0.997	0.001	0.001	0.001
0.001	0.997	0.001	0.001
0.779	0.001	0.001	0.219
0.455	0.325	0.001	0.219
0.997	0.001	0.001	0.001
0.001	0.997	0.001	0.001
0.001	0.997	0.001	0.001
0.001	0.997	0.001	0.001
>AGAGAGAG	5-AGAGAGAG	8.275264	-7.534112	0	T:10.0(20.00%),B:2620.4(5.82%),P:1e-3	Tpos:73.1,Tstd:42.9,Bpos:74.7,Bstd:67.4,StrandBias:0.9,Multiplicity:1.40
0.898	0.064	0.037	0.001
0.191	0.001	0.807	0.001
0.857	0.102	0.001	0.040
0.025	0.046	0.928	0.001
0.847	0.151	0.001	0.001
0.032	0.046	0.921	0.001
0.785	0.014	0.036	0.165
0.001	0.046	0.952	0.001
