>CGACCAAAAK	1-CGACCAAAAK	9.094867	-23.097013	0	T:11.0(22.00%),B:631.9(1.40%),P:1e-10	Tpos:95.5,Tstd:38.5,Bpos:73.9,Bstd:47.9,StrandBias:-0.3,Multiplicity:1.00
0.001	0.452	0.258	0.290
0.001	0.423	0.575	0.001
0.790	0.001	0.001	0.208
0.001	0.997	0.001	0.001
0.001	0.719	0.279	0.001
0.997	0.001	0.001	0.001
0.997	0.001	0.001	0.001
0.997	0.001	0.001	0.001
0.983	0.015	0.001	0.001
0.001	0.001	0.536	0.462
>TTGAGCGGGA	2-TTGAGCGGGA	9.507298	-22.506058	0	T:8.0(16.00%),B:224.8(0.50%),P:1e-9	Tpos:79.4,Tstd:39.9,Bpos:78.8,Bstd:50.2,StrandBias:0.0,Multiplicity:1.00
0.001	0.001	0.276	0.722
0.001	0.001	0.001	0.997
0.001	0.288	0.489	0.222
0.597	0.001	0.221	0.181
0.276	0.001	0.722	0.001
0.001	0.997	0.001	0.001
0.001	0.001	0.997	0.001
0.001	0.276	0.722	0.001
0.001	0.189	0.809	0.001
0.997	0.001	0.001	0.001
>TCTGASGAGA	3-TCTGASGAGA	5.808866	-20.116493	0	T:9.0(18.00%),B:453.1(1.01%),P:1e-8	Tpos:69.6,Tstd:33.0,Bpos:74.6,Bstd:49.8,StrandBias:-1.0,Multiplicity:1.00
0.001	0.001	0.301	0.697
0.001	0.997	0.001	0.001
0.245	0.001	0.001	0.753
0.001	0.001	0.997	0.001
0.980	0.009	0.010	0.001
0.001	0.434	0.564	0.001
0.001	0.001	0.997	0.001
0.619	0.001	0.001	0.379
0.001	0.010	0.988	0.001
0.988	0.010	0.001	0.001
>AATCGGTAGT	4-AATCGGTAGT	9.554884	-19.659747	0	T:7.0(14.00%),B:200.6(0.45%),P:1e-8	Tpos:73.7,Tstd:46.0,Bpos:75.4,Bstd:49.3,StrandBias:1.3,Multiplicity:1.00
0.997	0.001	0.001	0.001
0.997	0.001	0.001	0.001
0.001	0.001	0.001	0.997
0.001	0.997	0.001	0.001
0.001	0.001	0.997	0.001
0.229	0.001	0.769	0.001
0.245	0.001	0.001	0.753
0.997	0.001	0.001	0.001
0.001	0.001	0.753	0.245
0.001	0.001	0.001	0.997
>ASACAAACCC	5-ASACAAACCC	9.845097	-14.213582	0	T:6.0(12.00%),B:276.2(0.61%),P:1e-6	Tpos:118.6,Tstd:15.4,Bpos:70.5,Bstd:58.6,StrandBias:1.6,Multiplicity:1.33
0.997	0.001	0.001	0.001
0.217	0.334	0.448	0.001
0.997	0.001	0.001	0.001
0.001	0.839	0.001	0.159
0.997	0.001	0.001	0.001
0.661	0.337	0.001	0.001
0.852	0.146	0.001	0.001
0.001	0.997	0.001	0.001
0.105	0.893	0.001	0.001
0.001	0.997	0.001	0.001
>TATCGATATK	6-TATCGATATK	10.322446	-12.490761	0	T:5.0(10.00%),B:208.9(0.46%),P:1e-5	Tpos:79.3,Tstd:38.2,Bpos:60.5,Bstd:41.2,StrandBias:-1.0,Multiplicity:1.00
0.007	0.371	0.001	0.621
0.779	0.001	0.001	0.219
0.001	0.001	0.001	0.997
0.073	0.782	0.001	0.144
0.001	0.073	0.925	0.001
0.997	0.001	0.001	0.001
0.001	0.001	0.001	0.997
0.992	0.001	0.006	0.001
0.257	0.001	0.127	0.615
0.150	0.113	0.328	0.409
>AGAGAGAGAG	7-AGAGAGAGAG	7.538216	-9.997158	0	T:12.0(24.00%),B:2810.5(6.25%),P:1e-4	Tpos:77.1,Tstd:40.4,Bpos:75.5,Bstd:66.9,StrandBias:1.8,Multiplicity:1.33
0.832	0.120	0.001	0.047
0.153	0.095	0.711	0.041
0.819	0.095	0.029	0.057
0.129	0.032	0.763	0.076
0.810	0.087	0.001	0.102
0.023	0.139	0.804	0.034
0.838	0.065	0.031	0.066
0.022	0.031	0.875	0.072
0.741	0.058	0.031	0.170
0.053	0.103	0.814	0.030
