>CAGACAAACCCA	1-CAGACAAACCCA	14.887349	-18.103885	0	T:3.0(6.00%),B:4.4(0.01%),P:1e-7	Tpos:107.7,Tstd:37.3,Bpos:8.2,Bstd:0.5,StrandBias:10.0,Multiplicity:1.00
0.001	0.997	0.001	0.001
0.997	0.001	0.001	0.001
0.001	0.001	0.997	0.001
0.997	0.001	0.001	0.001
0.001	0.997	0.001	0.001
0.997	0.001	0.001	0.001
0.997	0.001	0.001	0.001
0.997	0.001	0.001	0.001
0.218	0.780	0.001	0.001
0.230	0.494	0.001	0.275
0.001	0.997	0.001	0.001
0.997	0.001	0.001	0.001
>YATTTTTCGTTT	2-YATTTTTCGTTT	9.629529	-16.314964	0	T:5.0(10.00%),B:95.5(0.21%),P:1e-7	Tpos:78.2,Tstd:31.8,Bpos:71.9,Bstd:55.0,StrandBias:-0.6,Multiplicity:1.00
0.001	0.501	0.001	0.497
0.997	0.001	0.001	0.001
0.001	0.001	0.001	0.997
0.001	0.001	0.025	0.973
0.001	0.001	0.001	0.997
0.001	0.001	0.001	0.997
0.001	0.001	0.001	0.997
0.398	0.577	0.024	0.001
0.001	0.001	0.997	0.001
0.001	0.001	0.001	0.997
0.080	0.001	0.001	0.918
0.001	0.001	0.001	0.997
>TTTTGTTTTGCT	3-TTTTGTTTTGCT	9.905423	-13.696696	0	T:12.0(24.00%),B:1948.6(4.33%),P:1e-5	Tpos:79.6,Tstd:31.6,Bpos:75.9,Bstd:57.1,StrandBias:-0.2,Multiplicity:1.50
0.066	0.070	0.050	0.814
0.004	0.001	0.001	0.994
0.001	0.001	0.255	0.743
0.001	0.141	0.133	0.725
0.001	0.161	0.780	0.058
0.161	0.070	0.001	0.768
0.001	0.001	0.094	0.904
0.095	0.001	0.095	0.809
0.001	0.001	0.001	0.997
0.001	0.001	0.973	0.025
0.106	0.566	0.189	0.139
0.001	0.001	0.065	0.933
>TTCGATATATSK	4-TTCGATATATSK	9.056741	-13.630132	0	T:7.0(14.00%),B:490.7(1.09%),P:1e-5	Tpos:84.6,Tstd:44.6,Bpos:71.9,Bstd:48.9,StrandBias:1.0,Multiplicity:1.00
0.121	0.237	0.230	0.411
0.237	0.001	0.237	0.525
0.333	0.665	0.001	0.001
0.001	0.278	0.720	0.001
0.997	0.001	0.001	0.001
0.001	0.236	0.001	0.762
0.997	0.001	0.001	0.001
0.001	0.001	0.181	0.817
0.754	0.001	0.237	0.008
0.001	0.236	0.001	0.762
0.001	0.427	0.334	0.238
0.001	0.008	0.428	0.563
>GAAGAAGAAGAA	5-GAAGAAGAAGAA	14.170358	-9.405338	0	T:3.0(6.00%),B:74.2(0.16%),P:1e-4	Tpos:39.6,Tstd:34.9,Bpos:82.8,Bstd:50.0,StrandBias:10.0,Multiplicity:1.00
0.001	0.157	0.841	0.001
0.997	0.001	0.001	0.001
0.997	0.001	0.001	0.001
0.001	0.001	0.997	0.001
0.997	0.001	0.001	0.001
0.997	0.001	0.001	0.001
0.193	0.001	0.805	0.001
0.997	0.001	0.001	0.001
0.693	0.305	0.001	0.001
0.001	0.001	0.997	0.001
0.997	0.001	0.001	0.001
0.774	0.224	0.001	0.001
