>ACSAAAAM	1-ACSAAAAM	7.438636	-18.660530	0	T:22.0(44.00%),B:5190.7(11.54%),P:1e-8	Tpos:81.4,Tstd:44.3,Bpos:74.5,Bstd:52.7,StrandBias:0.2,Multiplicity:1.14
0.997	0.001	0.001	0.001
0.001	0.997	0.001	0.001
0.001	0.552	0.446	0.001
0.997	0.001	0.001	0.001
0.997	0.001	0.001	0.001
0.847	0.151	0.001	0.001
0.997	0.001	0.001	0.001
0.316	0.457	0.136	0.091
>TTATCGAT	2-TTATCGAT	7.344182	-11.030352	0	T:10.0(20.00%),B:1713.8(3.81%),P:1e-4	Tpos:69.1,Tstd:38.9,Bpos:68.7,Bstd:46.2,StrandBias:-0.5,Multiplicity:1.30
0.266	0.108	0.001	0.625
0.058	0.001	0.001	0.940
0.997	0.001	0.001	0.001
0.001	0.087	0.001	0.911
0.001	0.900	0.001	0.098
0.037	0.001	0.961	0.001
0.891	0.049	0.001	0.059
0.057	0.075	0.001	0.867
>CTCCGCTG	3-CTCCGCTG	6.492837	-10.993237	0	T:15.0(30.00%),B:3964.3(8.81%),P:1e-4	Tpos:60.6,Tstd:32.9,Bpos:75.4,Bstd:54.4,StrandBias:1.6,Multiplicity:1.27
0.224	0.662	0.112	0.002
0.094	0.001	0.087	0.818
0.001	0.925	0.001	0.073
0.044	0.893	0.001	0.062
0.001	0.001	0.694	0.304
0.001	0.997	0.001	0.001
0.129	0.088	0.001	0.782
0.001	0.069	0.845	0.085
>ACAMACCC	4-ACAMACCC	9.303899	-10.012749	0	T:6.0(12.00%),B:580.9(1.29%),P:1e-4	Tpos:112.9,Tstd:12.8,Bpos:75.5,Bstd:51.5,StrandBias:10.0,Multiplicity:1.17
0.997	0.001	0.001	0.001
0.001	0.997	0.001	0.001
0.779	0.001	0.001	0.219
0.455	0.325	0.001	0.219
0.997	0.001	0.001	0.001
0.001	0.997	0.001	0.001
0.001	0.997	0.001	0.001
0.001	0.997	0.001	0.001
>AGAGAGAG	5-AGAGAGAG	8.275264	-7.534112	0	T:10.0(20.00%),B:2620.4(5.82%),P:1e-3	Tpos:73.1,Tstd:42.9,Bpos:74.7,Bstd:67.4,StrandBias:0.9,Multiplicity:1.40
0.898	0.064	0.037	0.001
0.191	0.001	0.807	0.001
0.857	0.102	0.001	0.040
0.025	0.046	0.928	0.001
0.847	0.151	0.001	0.001
0.032	0.046	0.921	0.001
0.785	0.014	0.036	0.165
0.001	0.046	0.952	0.001
