>NAAGAGCGAGAV	25-NAAGAGCGAGAV	7.948498	-6.211313	0	T:5.0(22.73%),B:1806.7(4.26%),P:1e-2
0.289	0.214	0.284	0.213
0.501	0.143	0.284	0.072
0.568	0.001	0.218	0.213
0.071	0.143	0.785	0.001
0.855	0.072	0.072	0.001
0.071	0.001	0.787	0.141
0.214	0.430	0.142	0.214
0.142	0.071	0.716	0.071
0.786	0.142	0.071	0.001
0.074	0.071	0.853	0.002
0.504	0.141	0.001	0.354
0.290	0.425	0.284	0.001
