>DGTGTTGAADGC	15-DGTGTTGAADGC,BestGuess:CG11617/dmmpmm(Noyes_hd)/fly(0.558)	7.100465	-10.315633	0	T:7.0(31.82%),B:1892.4(4.46%),P:1e-4
0.326	0.001	0.326	0.347
0.001	0.162	0.836	0.001
0.001	0.001	0.162	0.836
0.001	0.001	0.673	0.325
0.001	0.001	0.325	0.673
0.001	0.001	0.325	0.673
0.162	0.001	0.836	0.001
0.673	0.163	0.001	0.163
0.836	0.001	0.001	0.162
0.326	0.163	0.326	0.185
0.001	0.163	0.673	0.163
0.001	0.836	0.162	0.001
