>TCTCTCTCTCTC	1-TCTCTCTCTCTC	5.495648	-96.558189	0	T:345.0(32.83%),B:6940.3(15.75%),P:1e-41	Tpos:75.3,Tstd:39.2,Bpos:74.8,Bstd:65.3,StrandBias:0.2,Multiplicity:1.48
0.080	0.114	0.113	0.693
0.086	0.749	0.063	0.102
0.090	0.082	0.078	0.750
0.090	0.742	0.070	0.098
0.114	0.098	0.047	0.741
0.039	0.811	0.059	0.091
0.055	0.121	0.070	0.754
0.067	0.797	0.070	0.066
0.087	0.067	0.099	0.747
0.039	0.797	0.082	0.082
0.109	0.102	0.098	0.691
0.098	0.729	0.086	0.087
>NTCTCTCTCTCD	2-NTCTCTCTCTCD	4.589080	-91.721931	0	T:555.0(52.81%),B:14468.9(32.85%),P:1e-39	Tpos:74.0,Tstd:41.2,Bpos:74.4,Bstd:56.1,StrandBias:-0.1,Multiplicity:1.24
0.272	0.265	0.183	0.280
0.133	0.111	0.198	0.558
0.120	0.708	0.029	0.143
0.100	0.068	0.253	0.579
0.065	0.813	0.083	0.039
0.107	0.025	0.101	0.767
0.113	0.749	0.084	0.054
0.161	0.001	0.118	0.720
0.101	0.674	0.118	0.107
0.143	0.104	0.174	0.579
0.077	0.594	0.197	0.132
0.258	0.118	0.269	0.355
>TYTCCCTCTCTC	3-TYTCCCTCTCTC	6.423266	-76.950761	0	T:289.0(27.50%),B:5851.4(13.28%),P:1e-33	Tpos:73.2,Tstd:43.1,Bpos:75.7,Bstd:52.7,StrandBias:0.3,Multiplicity:1.07
0.015	0.076	0.085	0.824
0.006	0.540	0.047	0.407
0.050	0.217	0.068	0.665
0.011	0.601	0.256	0.132
0.010	0.988	0.001	0.001
0.155	0.621	0.099	0.125
0.134	0.231	0.158	0.477
0.101	0.533	0.100	0.266
0.055	0.113	0.140	0.692
0.066	0.753	0.026	0.155
0.124	0.159	0.158	0.559
0.009	0.770	0.094	0.127
>YGCTKTTGTTKT	4-YGCTKTTGTTKT	6.530347	-39.654233	0	T:392.0(37.30%),B:11142.3(25.29%),P:1e-17	Tpos:75.1,Tstd:39.6,Bpos:74.2,Bstd:50.3,StrandBias:0.1,Multiplicity:1.41
0.091	0.417	0.013	0.479
0.112	0.053	0.687	0.148
0.044	0.562	0.001	0.393
0.313	0.037	0.001	0.649
0.001	0.033	0.469	0.497
0.001	0.098	0.001	0.900
0.001	0.224	0.081	0.694
0.015	0.146	0.569	0.270
0.220	0.243	0.070	0.467
0.221	0.114	0.001	0.664
0.001	0.105	0.391	0.503
0.045	0.150	0.034	0.771
>GTCTAAAAATAA	5-GTCTAAAAATAA	10.181359	-39.626734	0	T:48.0(4.57%),B:430.8(0.98%),P:1e-17	Tpos:76.5,Tstd:38.6,Bpos:75.5,Bstd:52.5,StrandBias:-0.3,Multiplicity:1.00
0.163	0.039	0.638	0.160
0.001	0.077	0.296	0.626
0.187	0.631	0.056	0.126
0.045	0.113	0.055	0.787
0.997	0.001	0.001	0.001
0.670	0.054	0.001	0.275
0.944	0.001	0.054	0.001
0.954	0.044	0.001	0.001
0.944	0.001	0.001	0.054
0.001	0.001	0.001	0.997
0.891	0.001	0.054	0.054
0.626	0.027	0.275	0.072
>GGCGCTGATAAG	6-GGCGCTGATAAG	9.471290	-39.263501	0	T:29.0(2.76%),B:143.2(0.33%),P:1e-17	Tpos:69.7,Tstd:37.7,Bpos:75.2,Bstd:52.6,StrandBias:0.1,Multiplicity:1.04
0.001	0.148	0.751	0.100
0.099	0.003	0.746	0.152
0.001	0.746	0.199	0.054
0.001	0.098	0.900	0.001
0.148	0.653	0.150	0.049
0.049	0.049	0.049	0.853
0.001	0.001	0.997	0.001
0.753	0.001	0.098	0.148
0.001	0.001	0.100	0.898
0.950	0.001	0.048	0.001
0.950	0.048	0.001	0.001
0.099	0.099	0.753	0.049
>ATCTGTATCTGT	7-ATCTGTATCTGT	6.864407	-35.422951	0	T:221.0(21.03%),B:5360.2(12.17%),P:1e-15	Tpos:72.1,Tstd:40.6,Bpos:74.4,Bstd:56.5,StrandBias:-0.4,Multiplicity:1.29
0.705	0.117	0.085	0.093
0.099	0.073	0.140	0.688
0.117	0.555	0.188	0.140
0.058	0.062	0.063	0.817
0.056	0.034	0.846	0.064
0.079	0.115	0.065	0.741
0.777	0.020	0.119	0.084
0.049	0.056	0.078	0.817
0.054	0.668	0.197	0.081
0.062	0.069	0.022	0.847
0.071	0.034	0.816	0.079
0.127	0.088	0.060	0.725
>CTCYCTTCCCCT	8-CTCYCTTCCCCT	8.349743	-31.995663	0	T:71.0(6.76%),B:1043.9(2.37%),P:1e-13	Tpos:80.7,Tstd:45.0,Bpos:77.9,Bstd:48.1,StrandBias:-1.3,Multiplicity:1.06
0.036	0.854	0.036	0.074
0.001	0.180	0.001	0.818
0.001	0.871	0.127	0.001
0.036	0.440	0.175	0.349
0.001	0.585	0.164	0.250
0.036	0.072	0.001	0.891
0.001	0.146	0.345	0.508
0.001	0.604	0.001	0.394
0.001	0.560	0.330	0.109
0.001	0.997	0.001	0.001
0.072	0.860	0.067	0.001
0.329	0.001	0.072	0.598
>CCGAGCGATTTM	9-CCGAGCGATTTM	11.229694	-30.181422	0	T:14.0(1.33%),B:31.0(0.07%),P:1e-13	Tpos:76.9,Tstd:44.2,Bpos:78.4,Bstd:44.9,StrandBias:-0.8,Multiplicity:1.00
0.001	0.910	0.001	0.088
0.001	0.997	0.001	0.001
0.001	0.001	0.997	0.001
0.910	0.088	0.001	0.001
0.001	0.001	0.725	0.273
0.363	0.548	0.001	0.088
0.001	0.001	0.997	0.001
0.629	0.088	0.001	0.282
0.001	0.001	0.001	0.997
0.001	0.001	0.001	0.997
0.001	0.001	0.265	0.733
0.355	0.290	0.178	0.178
>GTTTTGCGCTCG	10-GTTTTGCGCTCG	9.185768	-27.858144	0	T:38.0(3.62%),B:387.4(0.88%),P:1e-12	Tpos:76.7,Tstd:42.7,Bpos:78.8,Bstd:46.8,StrandBias:0.1,Multiplicity:1.00
0.084	0.126	0.706	0.084
0.001	0.083	0.001	0.915
0.001	0.001	0.001	0.997
0.042	0.084	0.084	0.790
0.042	0.001	0.042	0.915
0.001	0.001	0.915	0.083
0.001	0.920	0.078	0.001
0.076	0.083	0.840	0.001
0.001	0.790	0.123	0.086
0.167	0.042	0.042	0.749
0.001	0.754	0.125	0.120
0.044	0.126	0.626	0.204
>ACATATATGTAT	11-ACATATATGTAT	8.345975	-27.557614	0	T:127.0(12.08%),B:2730.2(6.20%),P:1e-11	Tpos:78.3,Tstd:38.3,Bpos:76.2,Bstd:54.8,StrandBias:0.2,Multiplicity:1.02
0.711	0.096	0.169	0.024
0.116	0.687	0.048	0.149
0.839	0.001	0.024	0.136
0.317	0.169	0.001	0.513
0.643	0.024	0.309	0.024
0.120	0.093	0.001	0.786
0.595	0.120	0.164	0.121
0.001	0.001	0.115	0.883
0.001	0.001	0.947	0.051
0.147	0.135	0.048	0.670
0.741	0.001	0.001	0.257
0.001	0.001	0.001	0.997
>CTCGCTCTCTCT	12-CTCGCTCTCTCT	7.882047	-25.961345	0	T:92.0(8.75%),B:1761.9(4.00%),P:1e-11	Tpos:79.1,Tstd:41.8,Bpos:72.5,Bstd:48.9,StrandBias:-0.4,Multiplicity:1.00
0.001	0.997	0.001	0.001
0.001	0.112	0.056	0.831
0.056	0.720	0.168	0.056
0.001	0.045	0.953	0.001
0.001	0.663	0.168	0.168
0.056	0.168	0.168	0.608
0.112	0.608	0.224	0.056
0.112	0.214	0.056	0.618
0.168	0.775	0.056	0.001
0.168	0.168	0.056	0.608
0.001	0.729	0.112	0.158
0.056	0.056	0.001	0.887
>RCGACGTCGMCG	13-RCGACGTCGMCG	8.414831	-24.153512	0	T:61.0(5.80%),B:978.8(2.22%),P:1e-10	Tpos:81.2,Tstd:42.5,Bpos:67.1,Bstd:56.3,StrandBias:-0.3,Multiplicity:1.11
0.356	0.127	0.324	0.193
0.001	0.769	0.001	0.229
0.053	0.001	0.945	0.001
0.629	0.282	0.088	0.001
0.161	0.746	0.001	0.092
0.001	0.001	0.971	0.027
0.203	0.082	0.214	0.501
0.001	0.945	0.001	0.053
0.203	0.001	0.777	0.019
0.343	0.342	0.149	0.165
0.001	0.872	0.001	0.126
0.071	0.001	0.743	0.185
>TCTTTBTTTCTC	14-TCTTTBTTTCTC	9.482128	-23.814413	0	T:52.0(4.95%),B:763.8(1.73%),P:1e-10	Tpos:61.5,Tstd:40.7,Bpos:71.7,Bstd:55.4,StrandBias:-0.5,Multiplicity:1.00
0.001	0.001	0.079	0.919
0.226	0.621	0.001	0.152
0.184	0.001	0.256	0.559
0.001	0.050	0.277	0.672
0.100	0.001	0.001	0.898
0.134	0.202	0.333	0.331
0.100	0.001	0.001	0.898
0.001	0.001	0.001	0.997
0.001	0.054	0.193	0.752
0.130	0.868	0.001	0.001
0.001	0.142	0.001	0.856
0.169	0.829	0.001	0.001
>GAGRGCSARAGA	15-GAGRGCSARAGA	9.552324	-20.151508	0	T:52.0(4.95%),B:851.0(1.93%),P:1e-8	Tpos:65.6,Tstd:42.4,Bpos:73.6,Bstd:50.2,StrandBias:-0.7,Multiplicity:1.00
0.001	0.001	0.997	0.001
0.997	0.001	0.001	0.001
0.327	0.001	0.487	0.185
0.363	0.093	0.354	0.191
0.001	0.001	0.827	0.171
0.001	0.997	0.001	0.001
0.251	0.302	0.446	0.001
0.902	0.092	0.005	0.001
0.450	0.093	0.364	0.093
0.613	0.381	0.001	0.005
0.005	0.159	0.743	0.093
0.997	0.001	0.001	0.001
>GCGSTCCCCATT	16-GCGSTCCCCATT	9.168562	-19.125387	0	T:23.0(2.19%),B:214.1(0.49%),P:1e-8	Tpos:65.5,Tstd:52.5,Bpos:72.3,Bstd:43.3,StrandBias:-0.3,Multiplicity:1.05
0.001	0.061	0.754	0.184
0.001	0.569	0.369	0.061
0.001	0.001	0.876	0.122
0.123	0.369	0.507	0.001
0.001	0.001	0.001	0.997
0.184	0.618	0.001	0.197
0.061	0.632	0.061	0.246
0.001	0.937	0.061	0.001
0.001	0.997	0.001	0.001
0.937	0.001	0.001	0.061
0.061	0.246	0.188	0.505
0.001	0.061	0.001	0.937
>GGATGGTCGGAT	17-GGATGGTCGGAT	8.226566	-18.912589	0	T:35.0(3.33%),B:465.7(1.06%),P:1e-8	Tpos:52.3,Tstd:30.5,Bpos:73.9,Bstd:41.6,StrandBias:0.2,Multiplicity:1.21
0.099	0.102	0.750	0.049
0.003	0.001	0.799	0.197
0.556	0.099	0.148	0.197
0.001	0.001	0.001	0.997
0.049	0.049	0.803	0.099
0.049	0.249	0.701	0.001
0.007	0.049	0.099	0.845
0.001	0.506	0.246	0.247
0.099	0.099	0.753	0.049
0.006	0.197	0.748	0.049
0.754	0.148	0.049	0.049
0.001	0.001	0.101	0.897
>TATRTAYATATR	18-TATRTAYATATR	7.858768	-18.536504	0	T:143.0(13.61%),B:3687.5(8.37%),P:1e-8	Tpos:70.4,Tstd:41.9,Bpos:71.4,Bstd:65.8,StrandBias:0.0,Multiplicity:1.36
0.034	0.144	0.165	0.657
0.752	0.085	0.162	0.001
0.035	0.302	0.001	0.662
0.459	0.078	0.462	0.001
0.001	0.023	0.056	0.920
0.938	0.033	0.028	0.001
0.001	0.401	0.062	0.536
0.653	0.001	0.295	0.051
0.001	0.075	0.024	0.900
0.734	0.123	0.142	0.001
0.005	0.389	0.001	0.605
0.483	0.001	0.407	0.109
>TTCGGTTCGGTT	19-TTCGGTTCGGTT	9.855193	-17.938250	0	T:29.0(2.76%),B:350.2(0.79%),P:1e-7	Tpos:79.5,Tstd:43.7,Bpos:80.1,Bstd:46.7,StrandBias:0.5,Multiplicity:1.07
0.001	0.001	0.001	0.997
0.001	0.046	0.001	0.952
0.001	0.800	0.143	0.056
0.091	0.047	0.768	0.094
0.134	0.001	0.864	0.001
0.133	0.096	0.001	0.770
0.001	0.001	0.046	0.952
0.047	0.835	0.001	0.117
0.145	0.047	0.712	0.096
0.116	0.126	0.757	0.001
0.122	0.094	0.096	0.688
0.001	0.094	0.001	0.904
>AAAACAACAACA	20-AAAACAACAACA	9.647340	-17.613506	0	T:60.0(5.71%),B:1139.9(2.59%),P:1e-7	Tpos:74.6,Tstd:38.8,Bpos:72.2,Bstd:45.9,StrandBias:0.6,Multiplicity:1.00
0.882	0.068	0.049	0.001
0.668	0.114	0.071	0.147
0.683	0.218	0.098	0.001
0.950	0.001	0.048	0.001
0.001	0.946	0.001	0.052
0.818	0.049	0.001	0.132
0.814	0.120	0.049	0.017
0.001	0.788	0.098	0.113
0.861	0.049	0.089	0.001
0.901	0.097	0.001	0.001
0.035	0.849	0.001	0.115
0.901	0.097	0.001	0.001
>CAHATKTACATA	21-CAHATKTACATA	8.211661	-16.271322	0	T:50.0(4.76%),B:906.3(2.06%),P:1e-7	Tpos:59.9,Tstd:44.5,Bpos:73.9,Bstd:50.6,StrandBias:-0.4,Multiplicity:1.15
0.058	0.781	0.056	0.105
0.766	0.014	0.194	0.026
0.291	0.354	0.033	0.322
0.632	0.019	0.017	0.332
0.289	0.046	0.029	0.636
0.074	0.160	0.426	0.341
0.045	0.352	0.036	0.567
0.570	0.025	0.357	0.048
0.304	0.496	0.146	0.053
0.696	0.036	0.020	0.248
0.252	0.206	0.121	0.421
0.623	0.053	0.052	0.272
>CTCTCSWTCTCT	22-CTCTCSWTCTCT	10.731537	-15.455678	0	T:17.0(1.62%),B:148.8(0.34%),P:1e-6	Tpos:107.5,Tstd:25.6,Bpos:69.7,Bstd:69.2,StrandBias:-1.6,Multiplicity:1.00
0.001	0.997	0.001	0.001
0.142	0.001	0.001	0.856
0.001	0.713	0.001	0.285
0.001	0.142	0.001	0.856
0.001	0.997	0.001	0.001
0.001	0.428	0.570	0.001
0.428	0.001	0.001	0.570
0.001	0.001	0.285	0.713
0.001	0.571	0.285	0.143
0.001	0.001	0.001	0.997
0.142	0.856	0.001	0.001
0.001	0.001	0.001	0.997
>CACCCRCACTCT	23-CACCCRCACTCT	8.615552	-7.600790	0	T:58.0(5.52%),B:1531.6(3.48%),P:1e-3	Tpos:78.2,Tstd:40.5,Bpos:75.2,Bstd:59.1,StrandBias:-0.1,Multiplicity:1.11
0.046	0.816	0.046	0.092
0.861	0.001	0.046	0.092
0.046	0.907	0.046	0.001
0.027	0.730	0.231	0.012
0.177	0.719	0.046	0.058
0.518	0.038	0.397	0.047
0.092	0.861	0.001	0.046
0.861	0.092	0.001	0.046
0.001	0.943	0.046	0.010
0.231	0.084	0.092	0.593
0.001	0.897	0.010	0.092
0.212	0.047	0.138	0.603
>NNNNNNNNNNNN	24-NNNNNNNNNNNN	nan	0.000000	0	T:0.0(0.00%),B:0.0(0.00%),P:1e0	Tpos:0.0,Tstd:0.0,Bpos:0.0,Bstd:0.0,StrandBias:0.0,Multiplicity:1.00
nan	nan	nan	nan
nan	nan	nan	nan
nan	nan	nan	nan
nan	nan	nan	nan
nan	nan	nan	nan
nan	nan	nan	nan
nan	nan	nan	nan
nan	nan	nan	nan
nan	nan	nan	nan
nan	nan	nan	nan
nan	nan	nan	nan
nan	nan	nan	nan
>NNNNNNNNNNNN	25-NNNNNNNNNNNN	nan	0.000000	0	T:0.0(0.00%),B:0.0(0.00%),P:1e0	Tpos:0.0,Tstd:0.0,Bpos:0.0,Bstd:0.0,StrandBias:0.0,Multiplicity:1.00
nan	nan	nan	nan
nan	nan	nan	nan
nan	nan	nan	nan
nan	nan	nan	nan
nan	nan	nan	nan
nan	nan	nan	nan
nan	nan	nan	nan
nan	nan	nan	nan
nan	nan	nan	nan
nan	nan	nan	nan
nan	nan	nan	nan
nan	nan	nan	nan
