>CTCTCTCT	1-CTCTCTCT	5.055996	-96.165148	0	T:359.0(34.16%),B:7395.6(16.79%),P:1e-41	Tpos:75.5,Tstd:39.6,Bpos:74.2,Bstd:66.9,StrandBias:0.2,Multiplicity:1.71
0.019	0.936	0.001	0.044
0.032	0.038	0.085	0.845
0.001	0.939	0.010	0.050
0.016	0.021	0.065	0.898
0.008	0.949	0.001	0.042
0.027	0.030	0.045	0.898
0.013	0.864	0.037	0.086
0.049	0.038	0.037	0.876
>TKCKCTCT	2-TKCKCTCT	6.743151	-64.251104	0	T:308.0(29.31%),B:6925.8(15.72%),P:1e-27	Tpos:72.9,Tstd:40.3,Bpos:75.6,Bstd:59.1,StrandBias:-0.1,Multiplicity:1.25
0.001	0.100	0.237	0.662
0.001	0.001	0.523	0.475
0.001	0.728	0.001	0.270
0.001	0.001	0.447	0.551
0.001	0.997	0.001	0.001
0.001	0.001	0.001	0.997
0.001	0.730	0.042	0.227
0.226	0.140	0.164	0.470
>CGAAAGCG	3-CGAAAGCG	5.345219	-46.089261	0	T:406.0(38.63%),B:11257.9(25.56%),P:1e-20	Tpos:78.4,Tstd:42.2,Bpos:74.5,Bstd:52.3,StrandBias:0.1,Multiplicity:1.26
0.032	0.696	0.251	0.021
0.113	0.001	0.885	0.001
0.889	0.001	0.001	0.109
0.785	0.148	0.066	0.001
0.437	0.018	0.262	0.283
0.075	0.073	0.768	0.084
0.001	0.877	0.121	0.001
0.022	0.001	0.849	0.128
>ATGAGTCA	4-ATGAGTCA	6.089854	-39.687665	0	T:158.0(15.03%),B:3196.0(7.26%),P:1e-17	Tpos:69.9,Tstd:39.6,Bpos:75.6,Bstd:50.7,StrandBias:0.3,Multiplicity:1.15
0.541	0.118	0.219	0.122
0.055	0.055	0.003	0.887
0.001	0.089	0.834	0.076
0.854	0.075	0.060	0.011
0.103	0.216	0.612	0.069
0.035	0.027	0.094	0.844
0.062	0.578	0.307	0.053
0.862	0.003	0.069	0.066
>GTTGTTGT	5-GTTGTTGT	6.612064	-38.063801	0	T:280.0(26.64%),B:7216.7(16.38%),P:1e-16	Tpos:76.4,Tstd:39.4,Bpos:74.8,Bstd:52.3,StrandBias:0.0,Multiplicity:1.27
0.143	0.067	0.568	0.222
0.001	0.181	0.001	0.817
0.138	0.032	0.145	0.685
0.016	0.001	0.808	0.175
0.001	0.290	0.021	0.688
0.077	0.050	0.001	0.872
0.001	0.099	0.652	0.248
0.001	0.113	0.027	0.859
>GTATCTGT	6-GTATCTGT	8.143154	-37.773540	0	T:97.0(9.23%),B:1558.0(3.54%),P:1e-16	Tpos:73.2,Tstd:41.1,Bpos:74.4,Bstd:58.0,StrandBias:0.2,Multiplicity:1.46
0.001	0.001	0.997	0.001
0.001	0.079	0.001	0.919
0.997	0.001	0.001	0.001
0.001	0.001	0.001	0.997
0.001	0.997	0.001	0.001
0.001	0.001	0.001	0.997
0.048	0.001	0.842	0.109
0.064	0.094	0.041	0.801
>CTTATCAG	7-CTTATCAG	8.218546	-35.372299	0	T:75.0(7.14%),B:1067.6(2.42%),P:1e-15	Tpos:77.2,Tstd:40.6,Bpos:74.4,Bstd:52.1,StrandBias:0.1,Multiplicity:1.11
0.015	0.833	0.151	0.001
0.018	0.001	0.001	0.980
0.013	0.001	0.001	0.985
0.997	0.001	0.001	0.001
0.039	0.001	0.007	0.953
0.007	0.983	0.001	0.009
0.942	0.001	0.013	0.044
0.209	0.084	0.627	0.080
>TATATACA	8-TATATACA	6.710426	-30.158579	0	T:202.0(19.22%),B:5001.6(11.35%),P:1e-13	Tpos:73.5,Tstd:42.1,Bpos:72.1,Bstd:61.1,StrandBias:0.3,Multiplicity:1.60
0.001	0.059	0.001	0.939
0.935	0.001	0.050	0.014
0.001	0.314	0.031	0.654
0.745	0.001	0.236	0.018
0.001	0.068	0.007	0.924
0.942	0.001	0.056	0.001
0.001	0.997	0.001	0.001
0.955	0.001	0.001	0.043
>CCCCCCCC	9-CCCCCCCC	4.474154	-27.122050	0	T:276.0(26.26%),B:7749.6(17.59%),P:1e-11	Tpos:76.3,Tstd:42.2,Bpos:74.8,Bstd:50.5,StrandBias:-0.1,Multiplicity:1.34
0.141	0.705	0.052	0.102
0.125	0.744	0.053	0.078
0.059	0.814	0.044	0.083
0.106	0.754	0.065	0.075
0.077	0.787	0.047	0.089
0.092	0.775	0.051	0.082
0.116	0.715	0.078	0.091
0.107	0.708	0.054	0.131
>ACACACAY	10-ACACACAY	6.055923	-25.808513	0	T:327.0(31.11%),B:9710.6(22.04%),P:1e-11	Tpos:72.0,Tstd:44.5,Bpos:75.0,Bstd:58.8,StrandBias:-0.1,Multiplicity:1.39
0.638	0.189	0.156	0.017
0.148	0.833	0.001	0.018
0.846	0.074	0.001	0.079
0.063	0.840	0.096	0.001
0.707	0.053	0.001	0.239
0.139	0.763	0.037	0.061
0.879	0.001	0.001	0.119
0.144	0.492	0.001	0.363
>TATTTATA	11-TATTTATA	7.382257	-24.677872	0	T:202.0(19.22%),B:5312.1(12.06%),P:1e-10	Tpos:81.1,Tstd:41.8,Bpos:75.1,Bstd:55.6,StrandBias:0.1,Multiplicity:1.13
0.001	0.001	0.001	0.997
0.884	0.001	0.114	0.001
0.029	0.267	0.001	0.703
0.003	0.001	0.112	0.884
0.001	0.001	0.001	0.997
0.662	0.105	0.001	0.232
0.001	0.126	0.080	0.793
0.848	0.150	0.001	0.001
>RGGGRAAW	12-RGGGRAAW	6.537929	-22.912787	0	T:169.0(16.08%),B:4300.4(9.76%),P:1e-9	Tpos:80.2,Tstd:43.7,Bpos:74.7,Bstd:47.8,StrandBias:0.2,Multiplicity:1.14
0.384	0.102	0.360	0.154
0.001	0.041	0.638	0.320
0.001	0.065	0.933	0.001
0.354	0.001	0.644	0.001
0.559	0.001	0.439	0.001
0.997	0.001	0.001	0.001
0.685	0.001	0.046	0.268
0.364	0.043	0.175	0.418
>CGACCGAC	13-CGACCGAC	7.449445	-21.882187	0	T:64.0(6.09%),B:1117.8(2.54%),P:1e-9	Tpos:80.5,Tstd:39.2,Bpos:76.6,Bstd:50.7,StrandBias:0.1,Multiplicity:1.20
0.001	0.976	0.022	0.001
0.093	0.001	0.905	0.001
0.997	0.001	0.001	0.001
0.001	0.892	0.106	0.001
0.060	0.850	0.001	0.089
0.044	0.001	0.805	0.150
0.841	0.095	0.063	0.001
0.001	0.822	0.145	0.032
>CCGATCGG	14-CCGATCGG	7.112662	-16.008835	0	T:52.0(4.95%),B:969.7(2.20%),P:1e-6	Tpos:76.7,Tstd:38.6,Bpos:80.5,Bstd:51.5,StrandBias:-0.1,Multiplicity:1.06
0.125	0.732	0.142	0.001
0.001	0.898	0.100	0.001
0.001	0.235	0.715	0.049
0.921	0.001	0.077	0.001
0.001	0.172	0.222	0.605
0.001	0.846	0.030	0.123
0.023	0.193	0.715	0.069
0.269	0.085	0.438	0.208
