>TCTCTCTCTC	1-TCTCTCTCTC	6.268473	-92.129602	0	T:327.0(31.11%),B:6523.8(14.81%),P:1e-40	Tpos:74.5,Tstd:39.1,Bpos:75.2,Bstd:67.0,StrandBias:0.1,Multiplicity:1.57
0.083	0.122	0.290	0.505
0.068	0.829	0.001	0.102
0.081	0.067	0.198	0.654
0.001	0.954	0.001	0.044
0.122	0.046	0.109	0.723
0.018	0.896	0.001	0.085
0.090	0.070	0.169	0.671
0.015	0.787	0.023	0.175
0.058	0.065	0.125	0.752
0.015	0.715	0.050	0.220
>YTTTGCTCTC	2-YTTTGCTCTC	7.362058	-72.089070	0	T:193.0(18.36%),B:3214.8(7.30%),P:1e-31	Tpos:76.2,Tstd:40.6,Bpos:74.2,Bstd:55.0,StrandBias:-0.0,Multiplicity:1.10
0.033	0.409	0.243	0.315
0.202	0.001	0.080	0.717
0.048	0.227	0.127	0.598
0.001	0.238	0.004	0.757
0.001	0.168	0.806	0.025
0.001	0.994	0.001	0.004
0.001	0.001	0.340	0.658
0.026	0.888	0.025	0.061
0.001	0.001	0.001	0.997
0.175	0.593	0.050	0.182
>TATCTGTGTA	3-TATCTGTGTA	6.434420	-55.770260	0	T:284.0(27.02%),B:6494.6(14.74%),P:1e-24	Tpos:69.8,Tstd:41.3,Bpos:72.8,Bstd:59.9,StrandBias:-0.1,Multiplicity:1.40
0.017	0.055	0.043	0.885
0.859	0.050	0.035	0.056
0.035	0.022	0.037	0.906
0.075	0.726	0.141	0.058
0.053	0.096	0.029	0.822
0.135	0.048	0.766	0.051
0.056	0.108	0.030	0.806
0.152	0.035	0.765	0.048
0.079	0.056	0.079	0.786
0.684	0.115	0.134	0.067
>AGTGAGTCAG	4-AGTGAGTCAG	6.671656	-45.625573	0	T:138.0(13.13%),B:2435.8(5.53%),P:1e-19	Tpos:73.9,Tstd:41.1,Bpos:74.6,Bstd:48.0,StrandBias:-0.1,Multiplicity:1.03
0.767	0.087	0.060	0.086
0.092	0.054	0.779	0.075
0.056	0.098	0.059	0.787
0.026	0.090	0.827	0.057
0.836	0.054	0.037	0.073
0.104	0.092	0.738	0.066
0.073	0.047	0.054	0.826
0.077	0.784	0.067	0.072
0.885	0.018	0.040	0.057
0.027	0.100	0.773	0.100
>TTGTTGTTGT	5-TTGTTGTTGT	8.056934	-44.534369	0	T:137.0(13.04%),B:2439.3(5.54%),P:1e-19	Tpos:74.0,Tstd:41.0,Bpos:74.8,Bstd:54.3,StrandBias:0.1,Multiplicity:1.21
0.058	0.132	0.091	0.719
0.056	0.055	0.040	0.849
0.077	0.040	0.788	0.095
0.037	0.067	0.034	0.862
0.090	0.051	0.048	0.811
0.042	0.063	0.836	0.059
0.037	0.122	0.049	0.792
0.075	0.072	0.091	0.762
0.052	0.064	0.786	0.098
0.034	0.117	0.051	0.798
>GGGGGRGGGG	6-GGGGGRGGGG	5.505894	-42.516840	0	T:243.0(23.12%),B:5742.3(13.04%),P:1e-18	Tpos:74.9,Tstd:41.4,Bpos:74.6,Bstd:49.2,StrandBias:0.2,Multiplicity:1.33
0.115	0.082	0.555	0.248
0.078	0.001	0.721	0.200
0.213	0.096	0.590	0.101
0.152	0.093	0.531	0.224
0.278	0.048	0.521	0.153
0.322	0.044	0.458	0.175
0.289	0.001	0.460	0.249
0.002	0.012	0.650	0.336
0.098	0.001	0.739	0.162
0.115	0.033	0.844	0.008
>RCTGATAAGD	7-RCTGATAAGD	6.839210	-42.420265	0	T:146.0(13.89%),B:2755.4(6.25%),P:1e-18	Tpos:75.0,Tstd:42.5,Bpos:76.6,Bstd:50.4,StrandBias:-0.3,Multiplicity:1.13
0.375	0.109	0.438	0.078
0.043	0.590	0.087	0.280
0.272	0.244	0.001	0.483
0.010	0.001	0.977	0.012
0.860	0.018	0.021	0.101
0.006	0.070	0.001	0.923
0.972	0.001	0.026	0.001
0.909	0.001	0.001	0.089
0.127	0.106	0.635	0.132
0.288	0.117	0.339	0.256
>ATACATATGY	8-ATACATATGY	5.677777	-37.598442	0	T:387.0(36.82%),B:11092.3(25.18%),P:1e-16	Tpos:73.5,Tstd:41.1,Bpos:73.7,Bstd:59.1,StrandBias:-0.0,Multiplicity:1.39
0.692	0.099	0.208	0.001
0.043	0.166	0.054	0.737
0.669	0.073	0.159	0.099
0.073	0.680	0.099	0.148
0.858	0.001	0.120	0.021
0.084	0.087	0.116	0.713
0.794	0.001	0.103	0.102
0.001	0.065	0.001	0.933
0.197	0.001	0.735	0.067
0.066	0.380	0.101	0.452
>TCGGCGCTCG	9-TCGGCGCTCG	6.764102	-37.391011	0	T:124.0(11.80%),B:2293.9(5.21%),P:1e-16	Tpos:81.1,Tstd:46.8,Bpos:73.8,Bstd:52.2,StrandBias:-0.2,Multiplicity:1.07
0.090	0.033	0.028	0.849
0.070	0.762	0.046	0.122
0.066	0.053	0.791	0.090
0.046	0.087	0.778	0.089
0.045	0.818	0.103	0.034
0.047	0.064	0.788	0.101
0.108	0.759	0.080	0.053
0.043	0.098	0.049	0.810
0.057	0.830	0.054	0.059
0.072	0.054	0.823	0.051
>ACAATCTGTG	10-ACAATCTGTG	5.171361	-35.339322	0	T:370.0(35.20%),B:10613.8(24.09%),P:1e-15	Tpos:76.5,Tstd:40.9,Bpos:74.9,Bstd:50.8,StrandBias:0.2,Multiplicity:1.13
0.673	0.087	0.061	0.179
0.115	0.577	0.035	0.273
0.623	0.018	0.102	0.257
0.613	0.257	0.089	0.041
0.002	0.001	0.184	0.813
0.038	0.760	0.186	0.016
0.352	0.004	0.091	0.553
0.078	0.047	0.781	0.094
0.113	0.250	0.051	0.586
0.093	0.128	0.673	0.106
>TATTTTTAGA	11-TATTTTTAGA	9.126745	-31.401129	0	T:54.0(5.14%),B:663.5(1.51%),P:1e-13	Tpos:73.0,Tstd:35.4,Bpos:71.6,Bstd:54.6,StrandBias:0.2,Multiplicity:1.02
0.021	0.022	0.001	0.956
0.952	0.046	0.001	0.001
0.022	0.055	0.001	0.922
0.069	0.001	0.001	0.929
0.001	0.031	0.001	0.967
0.074	0.001	0.001	0.924
0.022	0.001	0.001	0.976
0.911	0.001	0.087	0.001
0.165	0.012	0.738	0.085
0.834	0.151	0.014	0.001
>TTGTTTTGCT	12-TTGTTTTGCT	9.425441	-23.005714	0	T:52.0(4.95%),B:781.8(1.77%),P:1e-9	Tpos:70.5,Tstd:40.2,Bpos:74.1,Bstd:49.6,StrandBias:-0.4,Multiplicity:1.07
0.001	0.001	0.214	0.784
0.001	0.092	0.001	0.906
0.001	0.001	0.997	0.001
0.001	0.221	0.001	0.777
0.001	0.001	0.183	0.815
0.001	0.001	0.103	0.895
0.001	0.202	0.001	0.796
0.046	0.001	0.952	0.001
0.001	0.878	0.120	0.001
0.113	0.324	0.001	0.562
>ATAGAGGGGG	13-ATAGAGGGGG	8.471992	-22.380985	0	T:20.0(1.90%),B:133.1(0.30%),P:1e-9	Tpos:77.1,Tstd:43.8,Bpos:76.5,Bstd:47.8,StrandBias:0.9,Multiplicity:1.00
0.997	0.001	0.001	0.001
0.044	0.075	0.001	0.880
0.931	0.067	0.001	0.001
0.075	0.087	0.837	0.001
0.997	0.001	0.001	0.001
0.001	0.087	0.850	0.062
0.039	0.075	0.885	0.001
0.001	0.105	0.893	0.001
0.086	0.001	0.912	0.001
0.001	0.001	0.893	0.105
>TTCGGTTCGG	14-TTCGGTTCGG	8.838934	-21.581420	0	T:34.0(3.24%),B:397.9(0.90%),P:1e-9	Tpos:91.3,Tstd:41.1,Bpos:76.0,Bstd:49.9,StrandBias:0.3,Multiplicity:1.24
0.001	0.052	0.001	0.946
0.057	0.001	0.040	0.902
0.001	0.943	0.040	0.016
0.170	0.033	0.774	0.023
0.001	0.028	0.970	0.001
0.018	0.063	0.001	0.918
0.070	0.070	0.001	0.859
0.001	0.958	0.040	0.001
0.075	0.043	0.881	0.001
0.099	0.025	0.875	0.001
>AATBGAAATG	15-AATBGAAATG	6.496959	-21.452379	0	T:49.0(4.66%),B:743.8(1.69%),P:1e-9	Tpos:70.1,Tstd:39.9,Bpos:75.0,Bstd:48.2,StrandBias:0.8,Multiplicity:1.04
0.502	0.066	0.199	0.233
0.412	0.215	0.224	0.149
0.235	0.185	0.080	0.500
0.144	0.375	0.251	0.229
0.208	0.099	0.513	0.180
0.484	0.249	0.246	0.021
0.884	0.007	0.051	0.058
0.495	0.230	0.213	0.062
0.040	0.091	0.312	0.557
0.035	0.116	0.768	0.081
>GTGTATCTCA	16-GTGTATCTCA	9.673873	-21.057563	0	T:18.0(1.71%),B:114.3(0.26%),P:1e-9	Tpos:72.2,Tstd:43.4,Bpos:75.8,Bstd:52.5,StrandBias:1.1,Multiplicity:1.00
0.001	0.063	0.935	0.001
0.027	0.200	0.001	0.772
0.001	0.001	0.997	0.001
0.001	0.078	0.090	0.831
0.889	0.109	0.001	0.001
0.001	0.001	0.001	0.997
0.001	0.958	0.001	0.040
0.001	0.001	0.001	0.997
0.001	0.929	0.001	0.069
0.772	0.078	0.099	0.051
>GTCGACGTCG	17-GTCGACGTCG	8.204882	-20.885148	0	T:47.0(4.47%),B:707.2(1.61%),P:1e-9	Tpos:70.4,Tstd:44.8,Bpos:68.7,Bstd:61.4,StrandBias:-0.1,Multiplicity:1.30
0.001	0.059	0.939	0.001
0.048	0.052	0.064	0.836
0.001	0.693	0.001	0.305
0.051	0.001	0.882	0.066
0.831	0.125	0.043	0.001
0.001	0.997	0.001	0.001
0.162	0.001	0.504	0.333
0.287	0.001	0.110	0.602
0.001	0.921	0.001	0.077
0.200	0.001	0.621	0.178
>CAATAAATTT	18-CAATAAATTT	8.921740	-20.483335	0	T:69.0(6.57%),B:1296.2(2.94%),P:1e-8	Tpos:76.7,Tstd:42.1,Bpos:75.0,Bstd:49.3,StrandBias:-0.4,Multiplicity:1.05
0.381	0.614	0.004	0.001
0.850	0.148	0.001	0.001
0.894	0.104	0.001	0.001
0.001	0.112	0.001	0.886
0.713	0.001	0.285	0.001
0.997	0.001	0.001	0.001
0.864	0.128	0.007	0.001
0.076	0.095	0.134	0.695
0.143	0.166	0.009	0.682
0.068	0.174	0.001	0.757
>AAHACGTACA	19-AAHACGTACA	7.246672	-19.019303	0	T:142.0(13.51%),B:3625.1(8.23%),P:1e-8	Tpos:76.3,Tstd:44.0,Bpos:74.7,Bstd:51.3,StrandBias:-0.1,Multiplicity:1.04
0.671	0.327	0.001	0.001
0.852	0.086	0.061	0.001
0.267	0.390	0.029	0.314
0.643	0.258	0.001	0.098
0.001	0.956	0.029	0.014
0.242	0.123	0.603	0.032
0.323	0.001	0.001	0.675
0.702	0.158	0.105	0.035
0.001	0.851	0.147	0.001
0.997	0.001	0.001	0.001
>CCWTWYCAGC	20-CCWTWYCAGC	7.487135	-17.207086	0	T:97.0(9.23%),B:2262.4(5.14%),P:1e-7	Tpos:73.6,Tstd:41.6,Bpos:74.1,Bstd:44.8,StrandBias:-0.3,Multiplicity:1.06
0.001	0.534	0.240	0.225
0.288	0.525	0.023	0.164
0.406	0.001	0.191	0.402
0.388	0.059	0.001	0.552
0.421	0.253	0.001	0.325
0.126	0.406	0.001	0.467
0.001	0.997	0.001	0.001
0.852	0.146	0.001	0.001
0.001	0.001	0.997	0.001
0.001	0.997	0.001	0.001
>ATGCTTTGGC	21-ATGCTTTGGC	9.540975	-16.637665	0	T:24.0(2.28%),B:266.4(0.60%),P:1e-7	Tpos:81.9,Tstd:37.4,Bpos:76.8,Bstd:46.1,StrandBias:-0.1,Multiplicity:1.14
0.632	0.001	0.122	0.245
0.134	0.053	0.001	0.812
0.109	0.001	0.856	0.034
0.001	0.962	0.001	0.036
0.023	0.001	0.041	0.935
0.005	0.043	0.001	0.951
0.001	0.063	0.001	0.935
0.001	0.001	0.628	0.370
0.206	0.041	0.752	0.001
0.080	0.800	0.001	0.119
>TCATAGACAA	22-TCATAGACAA	10.362541	-15.028299	0	T:13.0(1.24%),B:88.0(0.20%),P:1e-6	Tpos:92.2,Tstd:35.0,Bpos:76.4,Bstd:53.1,StrandBias:1.7,Multiplicity:1.00
0.001	0.001	0.001	0.997
0.001	0.857	0.141	0.001
0.946	0.001	0.001	0.052
0.001	0.159	0.001	0.839
0.720	0.001	0.001	0.278
0.001	0.001	0.997	0.001
0.754	0.001	0.001	0.244
0.348	0.650	0.001	0.001
0.779	0.001	0.001	0.219
0.857	0.001	0.001	0.141
>AGCATTACAA	23-AGCATTACAA	10.296193	-12.159562	0	T:5.0(0.48%),B:10.1(0.02%),P:1e-5	Tpos:82.0,Tstd:38.1,Bpos:91.1,Bstd:12.1,StrandBias:-1.6,Multiplicity:1.00
0.700	0.100	0.100	0.100
0.100	0.100	0.700	0.100
0.100	0.700	0.100	0.100
0.700	0.100	0.100	0.100
0.100	0.100	0.100	0.700
0.100	0.100	0.100	0.700
0.700	0.100	0.100	0.100
0.100	0.700	0.100	0.100
0.700	0.100	0.100	0.100
0.700	0.100	0.100	0.100
>CTTATCATAG	24-CTTATCATAG	11.631031	-11.505309	0	T:7.0(0.67%),B:30.7(0.07%),P:1e-4	Tpos:58.4,Tstd:30.3,Bpos:63.6,Bstd:36.3,StrandBias:-1.3,Multiplicity:1.17
0.001	0.580	0.001	0.418
0.001	0.001	0.001	0.997
0.001	0.001	0.001	0.997
0.997	0.001	0.001	0.001
0.001	0.001	0.001	0.997
0.001	0.997	0.001	0.001
0.997	0.001	0.001	0.001
0.001	0.001	0.001	0.997
0.735	0.263	0.001	0.001
0.001	0.001	0.997	0.001
>TCCGATCCGA	25-TCCGATCCGA	9.793226	-10.488992	0	T:14.0(1.33%),B:154.0(0.35%),P:1e-4	Tpos:91.3,Tstd:44.7,Bpos:82.6,Bstd:46.0,StrandBias:-0.2,Multiplicity:1.29
0.037	0.001	0.001	0.961
0.044	0.886	0.037	0.033
0.001	0.862	0.136	0.001
0.040	0.170	0.789	0.001
0.997	0.001	0.001	0.001
0.001	0.001	0.001	0.997
0.001	0.756	0.113	0.130
0.001	0.997	0.001	0.001
0.035	0.046	0.918	0.001
0.846	0.048	0.046	0.060
