>TCTCTCTCTC	1-TCTCTCTCTC	6.268473	-92.129602	0	T:327.0(31.11%),B:6523.8(14.81%),P:1e-40	Tpos:74.5,Tstd:39.1,Bpos:75.2,Bstd:67.0,StrandBias:0.1,Multiplicity:1.57
0.083	0.122	0.290	0.505
0.068	0.829	0.001	0.102
0.081	0.067	0.198	0.654
0.001	0.954	0.001	0.044
0.122	0.046	0.109	0.723
0.018	0.896	0.001	0.085
0.090	0.070	0.169	0.671
0.015	0.787	0.023	0.175
0.058	0.065	0.125	0.752
0.015	0.715	0.050	0.220
>YTTTGCTCTC	2-YTTTGCTCTC	7.362058	-72.089070	0	T:193.0(18.36%),B:3214.8(7.30%),P:1e-31	Tpos:76.2,Tstd:40.6,Bpos:74.2,Bstd:55.0,StrandBias:-0.0,Multiplicity:1.10
0.033	0.409	0.243	0.315
0.202	0.001	0.080	0.717
0.048	0.227	0.127	0.598
0.001	0.238	0.004	0.757
0.001	0.168	0.806	0.025
0.001	0.994	0.001	0.004
0.001	0.001	0.340	0.658
0.026	0.888	0.025	0.061
0.001	0.001	0.001	0.997
0.175	0.593	0.050	0.182
>TATCTGTGTA	3-TATCTGTGTA	6.434420	-55.770260	0	T:284.0(27.02%),B:6494.6(14.74%),P:1e-24	Tpos:69.8,Tstd:41.3,Bpos:72.8,Bstd:59.9,StrandBias:-0.1,Multiplicity:1.40
0.017	0.055	0.043	0.885
0.859	0.050	0.035	0.056
0.035	0.022	0.037	0.906
0.075	0.726	0.141	0.058
0.053	0.096	0.029	0.822
0.135	0.048	0.766	0.051
0.056	0.108	0.030	0.806
0.152	0.035	0.765	0.048
0.079	0.056	0.079	0.786
0.684	0.115	0.134	0.067
>AGTGAGTCAG	4-AGTGAGTCAG	6.671656	-45.625573	0	T:138.0(13.13%),B:2435.8(5.53%),P:1e-19	Tpos:73.9,Tstd:41.1,Bpos:74.6,Bstd:48.0,StrandBias:-0.1,Multiplicity:1.03
0.767	0.087	0.060	0.086
0.092	0.054	0.779	0.075
0.056	0.098	0.059	0.787
0.026	0.090	0.827	0.057
0.836	0.054	0.037	0.073
0.104	0.092	0.738	0.066
0.073	0.047	0.054	0.826
0.077	0.784	0.067	0.072
0.885	0.018	0.040	0.057
0.027	0.100	0.773	0.100
>TTGTTGTTGT	5-TTGTTGTTGT	8.056934	-44.534369	0	T:137.0(13.04%),B:2439.3(5.54%),P:1e-19	Tpos:74.0,Tstd:41.0,Bpos:74.8,Bstd:54.3,StrandBias:0.1,Multiplicity:1.21
0.058	0.132	0.091	0.719
0.056	0.055	0.040	0.849
0.077	0.040	0.788	0.095
0.037	0.067	0.034	0.862
0.090	0.051	0.048	0.811
0.042	0.063	0.836	0.059
0.037	0.122	0.049	0.792
0.075	0.072	0.091	0.762
0.052	0.064	0.786	0.098
0.034	0.117	0.051	0.798
>GGGGGRGGGG	6-GGGGGRGGGG	5.505894	-42.516840	0	T:243.0(23.12%),B:5742.3(13.04%),P:1e-18	Tpos:74.9,Tstd:41.4,Bpos:74.6,Bstd:49.2,StrandBias:0.2,Multiplicity:1.33
0.115	0.082	0.555	0.248
0.078	0.001	0.721	0.200
0.213	0.096	0.590	0.101
0.152	0.093	0.531	0.224
0.278	0.048	0.521	0.153
0.322	0.044	0.458	0.175
0.289	0.001	0.460	0.249
0.002	0.012	0.650	0.336
0.098	0.001	0.739	0.162
0.115	0.033	0.844	0.008
>RCTGATAAGD	7-RCTGATAAGD	6.839210	-42.420265	0	T:146.0(13.89%),B:2755.4(6.25%),P:1e-18	Tpos:75.0,Tstd:42.5,Bpos:76.6,Bstd:50.4,StrandBias:-0.3,Multiplicity:1.13
0.375	0.109	0.438	0.078
0.043	0.590	0.087	0.280
0.272	0.244	0.001	0.483
0.010	0.001	0.977	0.012
0.860	0.018	0.021	0.101
0.006	0.070	0.001	0.923
0.972	0.001	0.026	0.001
0.909	0.001	0.001	0.089
0.127	0.106	0.635	0.132
0.288	0.117	0.339	0.256
>ATACATATGY	8-ATACATATGY	5.677777	-37.598442	0	T:387.0(36.82%),B:11092.3(25.18%),P:1e-16	Tpos:73.5,Tstd:41.1,Bpos:73.7,Bstd:59.1,StrandBias:-0.0,Multiplicity:1.39
0.692	0.099	0.208	0.001
0.043	0.166	0.054	0.737
0.669	0.073	0.159	0.099
0.073	0.680	0.099	0.148
0.858	0.001	0.120	0.021
0.084	0.087	0.116	0.713
0.794	0.001	0.103	0.102
0.001	0.065	0.001	0.933
0.197	0.001	0.735	0.067
0.066	0.380	0.101	0.452
>TCGGCGCTCG	9-TCGGCGCTCG	6.764102	-37.391011	0	T:124.0(11.80%),B:2293.9(5.21%),P:1e-16	Tpos:81.1,Tstd:46.8,Bpos:73.8,Bstd:52.2,StrandBias:-0.2,Multiplicity:1.07
0.090	0.033	0.028	0.849
0.070	0.762	0.046	0.122
0.066	0.053	0.791	0.090
0.046	0.087	0.778	0.089
0.045	0.818	0.103	0.034
0.047	0.064	0.788	0.101
0.108	0.759	0.080	0.053
0.043	0.098	0.049	0.810
0.057	0.830	0.054	0.059
0.072	0.054	0.823	0.051
>ACAATCTGTG	10-ACAATCTGTG	5.171361	-35.339322	0	T:370.0(35.20%),B:10613.8(24.09%),P:1e-15	Tpos:76.5,Tstd:40.9,Bpos:74.9,Bstd:50.8,StrandBias:0.2,Multiplicity:1.13
0.673	0.087	0.061	0.179
0.115	0.577	0.035	0.273
0.623	0.018	0.102	0.257
0.613	0.257	0.089	0.041
0.002	0.001	0.184	0.813
0.038	0.760	0.186	0.016
0.352	0.004	0.091	0.553
0.078	0.047	0.781	0.094
0.113	0.250	0.051	0.586
0.093	0.128	0.673	0.106
>TATTTTTAGA	11-TATTTTTAGA	9.126745	-31.401129	0	T:54.0(5.14%),B:663.5(1.51%),P:1e-13	Tpos:73.0,Tstd:35.4,Bpos:71.6,Bstd:54.6,StrandBias:0.2,Multiplicity:1.02
0.021	0.022	0.001	0.956
0.952	0.046	0.001	0.001
0.022	0.055	0.001	0.922
0.069	0.001	0.001	0.929
0.001	0.031	0.001	0.967
0.074	0.001	0.001	0.924
0.022	0.001	0.001	0.976
0.911	0.001	0.087	0.001
0.165	0.012	0.738	0.085
0.834	0.151	0.014	0.001
>TTGTTTTGCT	12-TTGTTTTGCT	9.425441	-23.005714	0	T:52.0(4.95%),B:781.8(1.77%),P:1e-9	Tpos:70.5,Tstd:40.2,Bpos:74.1,Bstd:49.6,StrandBias:-0.4,Multiplicity:1.07
0.001	0.001	0.214	0.784
0.001	0.092	0.001	0.906
0.001	0.001	0.997	0.001
0.001	0.221	0.001	0.777
0.001	0.001	0.183	0.815
0.001	0.001	0.103	0.895
0.001	0.202	0.001	0.796
0.046	0.001	0.952	0.001
0.001	0.878	0.120	0.001
0.113	0.324	0.001	0.562
>ATAGAGGGGG	13-ATAGAGGGGG	8.471992	-22.380985	0	T:20.0(1.90%),B:133.1(0.30%),P:1e-9	Tpos:77.1,Tstd:43.8,Bpos:76.5,Bstd:47.8,StrandBias:0.9,Multiplicity:1.00
0.997	0.001	0.001	0.001
0.044	0.075	0.001	0.880
0.931	0.067	0.001	0.001
0.075	0.087	0.837	0.001
0.997	0.001	0.001	0.001
0.001	0.087	0.850	0.062
0.039	0.075	0.885	0.001
0.001	0.105	0.893	0.001
0.086	0.001	0.912	0.001
0.001	0.001	0.893	0.105
>TTCGGTTCGG	14-TTCGGTTCGG	8.838934	-21.581420	0	T:34.0(3.24%),B:397.9(0.90%),P:1e-9	Tpos:91.3,Tstd:41.1,Bpos:76.0,Bstd:49.9,StrandBias:0.3,Multiplicity:1.24
0.001	0.052	0.001	0.946
0.057	0.001	0.040	0.902
0.001	0.943	0.040	0.016
0.170	0.033	0.774	0.023
0.001	0.028	0.970	0.001
0.018	0.063	0.001	0.918
0.070	0.070	0.001	0.859
0.001	0.958	0.040	0.001
0.075	0.043	0.881	0.001
0.099	0.025	0.875	0.001
>AATBGAAATG	15-AATBGAAATG	6.496959	-21.452379	0	T:49.0(4.66%),B:743.8(1.69%),P:1e-9	Tpos:70.1,Tstd:39.9,Bpos:75.0,Bstd:48.2,StrandBias:0.8,Multiplicity:1.04
0.502	0.066	0.199	0.233
0.412	0.215	0.224	0.149
0.235	0.185	0.080	0.500
0.144	0.375	0.251	0.229
0.208	0.099	0.513	0.180
0.484	0.249	0.246	0.021
0.884	0.007	0.051	0.058
0.495	0.230	0.213	0.062
0.040	0.091	0.312	0.557
0.035	0.116	0.768	0.081
>GTGTATCTCA	16-GTGTATCTCA	9.673873	-21.057563	0	T:18.0(1.71%),B:114.3(0.26%),P:1e-9	Tpos:72.2,Tstd:43.4,Bpos:75.8,Bstd:52.5,StrandBias:1.1,Multiplicity:1.00
0.001	0.063	0.935	0.001
0.027	0.200	0.001	0.772
0.001	0.001	0.997	0.001
0.001	0.078	0.090	0.831
0.889	0.109	0.001	0.001
0.001	0.001	0.001	0.997
0.001	0.958	0.001	0.040
0.001	0.001	0.001	0.997
0.001	0.929	0.001	0.069
0.772	0.078	0.099	0.051
>GTCGACGTCG	17-GTCGACGTCG	8.204882	-20.885148	0	T:47.0(4.47%),B:707.2(1.61%),P:1e-9	Tpos:70.4,Tstd:44.8,Bpos:68.7,Bstd:61.4,StrandBias:-0.1,Multiplicity:1.30
0.001	0.059	0.939	0.001
0.048	0.052	0.064	0.836
0.001	0.693	0.001	0.305
0.051	0.001	0.882	0.066
0.831	0.125	0.043	0.001
0.001	0.997	0.001	0.001
0.162	0.001	0.504	0.333
0.287	0.001	0.110	0.602
0.001	0.921	0.001	0.077
0.200	0.001	0.621	0.178
>CAATAAATTT	18-CAATAAATTT	8.921740	-20.483335	0	T:69.0(6.57%),B:1296.2(2.94%),P:1e-8	Tpos:76.7,Tstd:42.1,Bpos:75.0,Bstd:49.3,StrandBias:-0.4,Multiplicity:1.05
0.381	0.614	0.004	0.001
0.850	0.148	0.001	0.001
0.894	0.104	0.001	0.001
0.001	0.112	0.001	0.886
0.713	0.001	0.285	0.001
0.997	0.001	0.001	0.001
0.864	0.128	0.007	0.001
0.076	0.095	0.134	0.695
0.143	0.166	0.009	0.682
0.068	0.174	0.001	0.757
>AAHACGTACA	19-AAHACGTACA	7.246672	-19.019303	0	T:142.0(13.51%),B:3625.1(8.23%),P:1e-8	Tpos:76.3,Tstd:44.0,Bpos:74.7,Bstd:51.3,StrandBias:-0.1,Multiplicity:1.04
0.671	0.327	0.001	0.001
0.852	0.086	0.061	0.001
0.267	0.390	0.029	0.314
0.643	0.258	0.001	0.098
0.001	0.956	0.029	0.014
0.242	0.123	0.603	0.032
0.323	0.001	0.001	0.675
0.702	0.158	0.105	0.035
0.001	0.851	0.147	0.001
0.997	0.001	0.001	0.001
>CCWTWYCAGC	20-CCWTWYCAGC	7.487135	-17.207086	0	T:97.0(9.23%),B:2262.4(5.14%),P:1e-7	Tpos:73.6,Tstd:41.6,Bpos:74.1,Bstd:44.8,StrandBias:-0.3,Multiplicity:1.06
0.001	0.534	0.240	0.225
0.288	0.525	0.023	0.164
0.406	0.001	0.191	0.402
0.388	0.059	0.001	0.552
0.421	0.253	0.001	0.325
0.126	0.406	0.001	0.467
0.001	0.997	0.001	0.001
0.852	0.146	0.001	0.001
0.001	0.001	0.997	0.001
0.001	0.997	0.001	0.001
>ATGCTTTGGC	21-ATGCTTTGGC	9.540975	-16.637665	0	T:24.0(2.28%),B:266.4(0.60%),P:1e-7	Tpos:81.9,Tstd:37.4,Bpos:76.8,Bstd:46.1,StrandBias:-0.1,Multiplicity:1.14
0.632	0.001	0.122	0.245
0.134	0.053	0.001	0.812
0.109	0.001	0.856	0.034
0.001	0.962	0.001	0.036
0.023	0.001	0.041	0.935
0.005	0.043	0.001	0.951
0.001	0.063	0.001	0.935
0.001	0.001	0.628	0.370
0.206	0.041	0.752	0.001
0.080	0.800	0.001	0.119
>TCATAGACAA	22-TCATAGACAA	10.362541	-15.028299	0	T:13.0(1.24%),B:88.0(0.20%),P:1e-6	Tpos:92.2,Tstd:35.0,Bpos:76.4,Bstd:53.1,StrandBias:1.7,Multiplicity:1.00
0.001	0.001	0.001	0.997
0.001	0.857	0.141	0.001
0.946	0.001	0.001	0.052
0.001	0.159	0.001	0.839
0.720	0.001	0.001	0.278
0.001	0.001	0.997	0.001
0.754	0.001	0.001	0.244
0.348	0.650	0.001	0.001
0.779	0.001	0.001	0.219
0.857	0.001	0.001	0.141
>AGCATTACAA	23-AGCATTACAA	10.296193	-12.159562	0	T:5.0(0.48%),B:10.1(0.02%),P:1e-5	Tpos:82.0,Tstd:38.1,Bpos:91.1,Bstd:12.1,StrandBias:-1.6,Multiplicity:1.00
0.700	0.100	0.100	0.100
0.100	0.100	0.700	0.100
0.100	0.700	0.100	0.100
0.700	0.100	0.100	0.100
0.100	0.100	0.100	0.700
0.100	0.100	0.100	0.700
0.700	0.100	0.100	0.100
0.100	0.700	0.100	0.100
0.700	0.100	0.100	0.100
0.700	0.100	0.100	0.100
>CTTATCATAG	24-CTTATCATAG	11.631031	-11.505309	0	T:7.0(0.67%),B:30.7(0.07%),P:1e-4	Tpos:58.4,Tstd:30.3,Bpos:63.6,Bstd:36.3,StrandBias:-1.3,Multiplicity:1.17
0.001	0.580	0.001	0.418
0.001	0.001	0.001	0.997
0.001	0.001	0.001	0.997
0.997	0.001	0.001	0.001
0.001	0.001	0.001	0.997
0.001	0.997	0.001	0.001
0.997	0.001	0.001	0.001
0.001	0.001	0.001	0.997
0.735	0.263	0.001	0.001
0.001	0.001	0.997	0.001
>TCCGATCCGA	25-TCCGATCCGA	9.793226	-10.488992	0	T:14.0(1.33%),B:154.0(0.35%),P:1e-4	Tpos:91.3,Tstd:44.7,Bpos:82.6,Bstd:46.0,StrandBias:-0.2,Multiplicity:1.29
0.037	0.001	0.001	0.961
0.044	0.886	0.037	0.033
0.001	0.862	0.136	0.001
0.040	0.170	0.789	0.001
0.997	0.001	0.001	0.001
0.001	0.001	0.001	0.997
0.001	0.756	0.113	0.130
0.001	0.997	0.001	0.001
0.035	0.046	0.918	0.001
0.846	0.048	0.046	0.060
>TCTCTCTCTCTC	1-TCTCTCTCTCTC	5.495648	-96.558189	0	T:345.0(32.83%),B:6940.3(15.75%),P:1e-41	Tpos:75.3,Tstd:39.2,Bpos:74.8,Bstd:65.3,StrandBias:0.2,Multiplicity:1.48
0.080	0.114	0.113	0.693
0.086	0.749	0.063	0.102
0.090	0.082	0.078	0.750
0.090	0.742	0.070	0.098
0.114	0.098	0.047	0.741
0.039	0.811	0.059	0.091
0.055	0.121	0.070	0.754
0.067	0.797	0.070	0.066
0.087	0.067	0.099	0.747
0.039	0.797	0.082	0.082
0.109	0.102	0.098	0.691
0.098	0.729	0.086	0.087
>NTCTCTCTCTCD	2-NTCTCTCTCTCD	4.589080	-91.721931	0	T:555.0(52.81%),B:14468.9(32.85%),P:1e-39	Tpos:74.0,Tstd:41.2,Bpos:74.4,Bstd:56.1,StrandBias:-0.1,Multiplicity:1.24
0.272	0.265	0.183	0.280
0.133	0.111	0.198	0.558
0.120	0.708	0.029	0.143
0.100	0.068	0.253	0.579
0.065	0.813	0.083	0.039
0.107	0.025	0.101	0.767
0.113	0.749	0.084	0.054
0.161	0.001	0.118	0.720
0.101	0.674	0.118	0.107
0.143	0.104	0.174	0.579
0.077	0.594	0.197	0.132
0.258	0.118	0.269	0.355
>TYTCCCTCTCTC	3-TYTCCCTCTCTC	6.423266	-76.950761	0	T:289.0(27.50%),B:5851.4(13.28%),P:1e-33	Tpos:73.2,Tstd:43.1,Bpos:75.7,Bstd:52.7,StrandBias:0.3,Multiplicity:1.07
0.015	0.076	0.085	0.824
0.006	0.540	0.047	0.407
0.050	0.217	0.068	0.665
0.011	0.601	0.256	0.132
0.010	0.988	0.001	0.001
0.155	0.621	0.099	0.125
0.134	0.231	0.158	0.477
0.101	0.533	0.100	0.266
0.055	0.113	0.140	0.692
0.066	0.753	0.026	0.155
0.124	0.159	0.158	0.559
0.009	0.770	0.094	0.127
>YGCTKTTGTTKT	4-YGCTKTTGTTKT	6.530347	-39.654233	0	T:392.0(37.30%),B:11142.3(25.29%),P:1e-17	Tpos:75.1,Tstd:39.6,Bpos:74.2,Bstd:50.3,StrandBias:0.1,Multiplicity:1.41
0.091	0.417	0.013	0.479
0.112	0.053	0.687	0.148
0.044	0.562	0.001	0.393
0.313	0.037	0.001	0.649
0.001	0.033	0.469	0.497
0.001	0.098	0.001	0.900
0.001	0.224	0.081	0.694
0.015	0.146	0.569	0.270
0.220	0.243	0.070	0.467
0.221	0.114	0.001	0.664
0.001	0.105	0.391	0.503
0.045	0.150	0.034	0.771
>GTCTAAAAATAA	5-GTCTAAAAATAA	10.181359	-39.626734	0	T:48.0(4.57%),B:430.8(0.98%),P:1e-17	Tpos:76.5,Tstd:38.6,Bpos:75.5,Bstd:52.5,StrandBias:-0.3,Multiplicity:1.00
0.163	0.039	0.638	0.160
0.001	0.077	0.296	0.626
0.187	0.631	0.056	0.126
0.045	0.113	0.055	0.787
0.997	0.001	0.001	0.001
0.670	0.054	0.001	0.275
0.944	0.001	0.054	0.001
0.954	0.044	0.001	0.001
0.944	0.001	0.001	0.054
0.001	0.001	0.001	0.997
0.891	0.001	0.054	0.054
0.626	0.027	0.275	0.072
>GGCGCTGATAAG	6-GGCGCTGATAAG	9.471290	-39.263501	0	T:29.0(2.76%),B:143.2(0.33%),P:1e-17	Tpos:69.7,Tstd:37.7,Bpos:75.2,Bstd:52.6,StrandBias:0.1,Multiplicity:1.04
0.001	0.148	0.751	0.100
0.099	0.003	0.746	0.152
0.001	0.746	0.199	0.054
0.001	0.098	0.900	0.001
0.148	0.653	0.150	0.049
0.049	0.049	0.049	0.853
0.001	0.001	0.997	0.001
0.753	0.001	0.098	0.148
0.001	0.001	0.100	0.898
0.950	0.001	0.048	0.001
0.950	0.048	0.001	0.001
0.099	0.099	0.753	0.049
>ATCTGTATCTGT	7-ATCTGTATCTGT	6.864407	-35.422951	0	T:221.0(21.03%),B:5360.2(12.17%),P:1e-15	Tpos:72.1,Tstd:40.6,Bpos:74.4,Bstd:56.5,StrandBias:-0.4,Multiplicity:1.29
0.705	0.117	0.085	0.093
0.099	0.073	0.140	0.688
0.117	0.555	0.188	0.140
0.058	0.062	0.063	0.817
0.056	0.034	0.846	0.064
0.079	0.115	0.065	0.741
0.777	0.020	0.119	0.084
0.049	0.056	0.078	0.817
0.054	0.668	0.197	0.081
0.062	0.069	0.022	0.847
0.071	0.034	0.816	0.079
0.127	0.088	0.060	0.725
>CTCYCTTCCCCT	8-CTCYCTTCCCCT	8.349743	-31.995663	0	T:71.0(6.76%),B:1043.9(2.37%),P:1e-13	Tpos:80.7,Tstd:45.0,Bpos:77.9,Bstd:48.1,StrandBias:-1.3,Multiplicity:1.06
0.036	0.854	0.036	0.074
0.001	0.180	0.001	0.818
0.001	0.871	0.127	0.001
0.036	0.440	0.175	0.349
0.001	0.585	0.164	0.250
0.036	0.072	0.001	0.891
0.001	0.146	0.345	0.508
0.001	0.604	0.001	0.394
0.001	0.560	0.330	0.109
0.001	0.997	0.001	0.001
0.072	0.860	0.067	0.001
0.329	0.001	0.072	0.598
>CCGAGCGATTTM	9-CCGAGCGATTTM	11.229694	-30.181422	0	T:14.0(1.33%),B:31.0(0.07%),P:1e-13	Tpos:76.9,Tstd:44.2,Bpos:78.4,Bstd:44.9,StrandBias:-0.8,Multiplicity:1.00
0.001	0.910	0.001	0.088
0.001	0.997	0.001	0.001
0.001	0.001	0.997	0.001
0.910	0.088	0.001	0.001
0.001	0.001	0.725	0.273
0.363	0.548	0.001	0.088
0.001	0.001	0.997	0.001
0.629	0.088	0.001	0.282
0.001	0.001	0.001	0.997
0.001	0.001	0.001	0.997
0.001	0.001	0.265	0.733
0.355	0.290	0.178	0.178
>GTTTTGCGCTCG	10-GTTTTGCGCTCG	9.185768	-27.858144	0	T:38.0(3.62%),B:387.4(0.88%),P:1e-12	Tpos:76.7,Tstd:42.7,Bpos:78.8,Bstd:46.8,StrandBias:0.1,Multiplicity:1.00
0.084	0.126	0.706	0.084
0.001	0.083	0.001	0.915
0.001	0.001	0.001	0.997
0.042	0.084	0.084	0.790
0.042	0.001	0.042	0.915
0.001	0.001	0.915	0.083
0.001	0.920	0.078	0.001
0.076	0.083	0.840	0.001
0.001	0.790	0.123	0.086
0.167	0.042	0.042	0.749
0.001	0.754	0.125	0.120
0.044	0.126	0.626	0.204
>ACATATATGTAT	11-ACATATATGTAT	8.345975	-27.557614	0	T:127.0(12.08%),B:2730.2(6.20%),P:1e-11	Tpos:78.3,Tstd:38.3,Bpos:76.2,Bstd:54.8,StrandBias:0.2,Multiplicity:1.02
0.711	0.096	0.169	0.024
0.116	0.687	0.048	0.149
0.839	0.001	0.024	0.136
0.317	0.169	0.001	0.513
0.643	0.024	0.309	0.024
0.120	0.093	0.001	0.786
0.595	0.120	0.164	0.121
0.001	0.001	0.115	0.883
0.001	0.001	0.947	0.051
0.147	0.135	0.048	0.670
0.741	0.001	0.001	0.257
0.001	0.001	0.001	0.997
>CTCGCTCTCTCT	12-CTCGCTCTCTCT	7.882047	-25.961345	0	T:92.0(8.75%),B:1761.9(4.00%),P:1e-11	Tpos:79.1,Tstd:41.8,Bpos:72.5,Bstd:48.9,StrandBias:-0.4,Multiplicity:1.00
0.001	0.997	0.001	0.001
0.001	0.112	0.056	0.831
0.056	0.720	0.168	0.056
0.001	0.045	0.953	0.001
0.001	0.663	0.168	0.168
0.056	0.168	0.168	0.608
0.112	0.608	0.224	0.056
0.112	0.214	0.056	0.618
0.168	0.775	0.056	0.001
0.168	0.168	0.056	0.608
0.001	0.729	0.112	0.158
0.056	0.056	0.001	0.887
>RCGACGTCGMCG	13-RCGACGTCGMCG	8.414831	-24.153512	0	T:61.0(5.80%),B:978.8(2.22%),P:1e-10	Tpos:81.2,Tstd:42.5,Bpos:67.1,Bstd:56.3,StrandBias:-0.3,Multiplicity:1.11
0.356	0.127	0.324	0.193
0.001	0.769	0.001	0.229
0.053	0.001	0.945	0.001
0.629	0.282	0.088	0.001
0.161	0.746	0.001	0.092
0.001	0.001	0.971	0.027
0.203	0.082	0.214	0.501
0.001	0.945	0.001	0.053
0.203	0.001	0.777	0.019
0.343	0.342	0.149	0.165
0.001	0.872	0.001	0.126
0.071	0.001	0.743	0.185
>TCTTTBTTTCTC	14-TCTTTBTTTCTC	9.482128	-23.814413	0	T:52.0(4.95%),B:763.8(1.73%),P:1e-10	Tpos:61.5,Tstd:40.7,Bpos:71.7,Bstd:55.4,StrandBias:-0.5,Multiplicity:1.00
0.001	0.001	0.079	0.919
0.226	0.621	0.001	0.152
0.184	0.001	0.256	0.559
0.001	0.050	0.277	0.672
0.100	0.001	0.001	0.898
0.134	0.202	0.333	0.331
0.100	0.001	0.001	0.898
0.001	0.001	0.001	0.997
0.001	0.054	0.193	0.752
0.130	0.868	0.001	0.001
0.001	0.142	0.001	0.856
0.169	0.829	0.001	0.001
>GAGRGCSARAGA	15-GAGRGCSARAGA	9.552324	-20.151508	0	T:52.0(4.95%),B:851.0(1.93%),P:1e-8	Tpos:65.6,Tstd:42.4,Bpos:73.6,Bstd:50.2,StrandBias:-0.7,Multiplicity:1.00
0.001	0.001	0.997	0.001
0.997	0.001	0.001	0.001
0.327	0.001	0.487	0.185
0.363	0.093	0.354	0.191
0.001	0.001	0.827	0.171
0.001	0.997	0.001	0.001
0.251	0.302	0.446	0.001
0.902	0.092	0.005	0.001
0.450	0.093	0.364	0.093
0.613	0.381	0.001	0.005
0.005	0.159	0.743	0.093
0.997	0.001	0.001	0.001
>GCGSTCCCCATT	16-GCGSTCCCCATT	9.168562	-19.125387	0	T:23.0(2.19%),B:214.1(0.49%),P:1e-8	Tpos:65.5,Tstd:52.5,Bpos:72.3,Bstd:43.3,StrandBias:-0.3,Multiplicity:1.05
0.001	0.061	0.754	0.184
0.001	0.569	0.369	0.061
0.001	0.001	0.876	0.122
0.123	0.369	0.507	0.001
0.001	0.001	0.001	0.997
0.184	0.618	0.001	0.197
0.061	0.632	0.061	0.246
0.001	0.937	0.061	0.001
0.001	0.997	0.001	0.001
0.937	0.001	0.001	0.061
0.061	0.246	0.188	0.505
0.001	0.061	0.001	0.937
>GGATGGTCGGAT	17-GGATGGTCGGAT	8.226566	-18.912589	0	T:35.0(3.33%),B:465.7(1.06%),P:1e-8	Tpos:52.3,Tstd:30.5,Bpos:73.9,Bstd:41.6,StrandBias:0.2,Multiplicity:1.21
0.099	0.102	0.750	0.049
0.003	0.001	0.799	0.197
0.556	0.099	0.148	0.197
0.001	0.001	0.001	0.997
0.049	0.049	0.803	0.099
0.049	0.249	0.701	0.001
0.007	0.049	0.099	0.845
0.001	0.506	0.246	0.247
0.099	0.099	0.753	0.049
0.006	0.197	0.748	0.049
0.754	0.148	0.049	0.049
0.001	0.001	0.101	0.897
>TATRTAYATATR	18-TATRTAYATATR	7.858768	-18.536504	0	T:143.0(13.61%),B:3687.5(8.37%),P:1e-8	Tpos:70.4,Tstd:41.9,Bpos:71.4,Bstd:65.8,StrandBias:0.0,Multiplicity:1.36
0.034	0.144	0.165	0.657
0.752	0.085	0.162	0.001
0.035	0.302	0.001	0.662
0.459	0.078	0.462	0.001
0.001	0.023	0.056	0.920
0.938	0.033	0.028	0.001
0.001	0.401	0.062	0.536
0.653	0.001	0.295	0.051
0.001	0.075	0.024	0.900
0.734	0.123	0.142	0.001
0.005	0.389	0.001	0.605
0.483	0.001	0.407	0.109
>TTCGGTTCGGTT	19-TTCGGTTCGGTT	9.855193	-17.938250	0	T:29.0(2.76%),B:350.2(0.79%),P:1e-7	Tpos:79.5,Tstd:43.7,Bpos:80.1,Bstd:46.7,StrandBias:0.5,Multiplicity:1.07
0.001	0.001	0.001	0.997
0.001	0.046	0.001	0.952
0.001	0.800	0.143	0.056
0.091	0.047	0.768	0.094
0.134	0.001	0.864	0.001
0.133	0.096	0.001	0.770
0.001	0.001	0.046	0.952
0.047	0.835	0.001	0.117
0.145	0.047	0.712	0.096
0.116	0.126	0.757	0.001
0.122	0.094	0.096	0.688
0.001	0.094	0.001	0.904
>AAAACAACAACA	20-AAAACAACAACA	9.647340	-17.613506	0	T:60.0(5.71%),B:1139.9(2.59%),P:1e-7	Tpos:74.6,Tstd:38.8,Bpos:72.2,Bstd:45.9,StrandBias:0.6,Multiplicity:1.00
0.882	0.068	0.049	0.001
0.668	0.114	0.071	0.147
0.683	0.218	0.098	0.001
0.950	0.001	0.048	0.001
0.001	0.946	0.001	0.052
0.818	0.049	0.001	0.132
0.814	0.120	0.049	0.017
0.001	0.788	0.098	0.113
0.861	0.049	0.089	0.001
0.901	0.097	0.001	0.001
0.035	0.849	0.001	0.115
0.901	0.097	0.001	0.001
>CAHATKTACATA	21-CAHATKTACATA	8.211661	-16.271322	0	T:50.0(4.76%),B:906.3(2.06%),P:1e-7	Tpos:59.9,Tstd:44.5,Bpos:73.9,Bstd:50.6,StrandBias:-0.4,Multiplicity:1.15
0.058	0.781	0.056	0.105
0.766	0.014	0.194	0.026
0.291	0.354	0.033	0.322
0.632	0.019	0.017	0.332
0.289	0.046	0.029	0.636
0.074	0.160	0.426	0.341
0.045	0.352	0.036	0.567
0.570	0.025	0.357	0.048
0.304	0.496	0.146	0.053
0.696	0.036	0.020	0.248
0.252	0.206	0.121	0.421
0.623	0.053	0.052	0.272
>CTCTCSWTCTCT	22-CTCTCSWTCTCT	10.731537	-15.455678	0	T:17.0(1.62%),B:148.8(0.34%),P:1e-6	Tpos:107.5,Tstd:25.6,Bpos:69.7,Bstd:69.2,StrandBias:-1.6,Multiplicity:1.00
0.001	0.997	0.001	0.001
0.142	0.001	0.001	0.856
0.001	0.713	0.001	0.285
0.001	0.142	0.001	0.856
0.001	0.997	0.001	0.001
0.001	0.428	0.570	0.001
0.428	0.001	0.001	0.570
0.001	0.001	0.285	0.713
0.001	0.571	0.285	0.143
0.001	0.001	0.001	0.997
0.142	0.856	0.001	0.001
0.001	0.001	0.001	0.997
>CACCCRCACTCT	23-CACCCRCACTCT	8.615552	-7.600790	0	T:58.0(5.52%),B:1531.6(3.48%),P:1e-3	Tpos:78.2,Tstd:40.5,Bpos:75.2,Bstd:59.1,StrandBias:-0.1,Multiplicity:1.11
0.046	0.816	0.046	0.092
0.861	0.001	0.046	0.092
0.046	0.907	0.046	0.001
0.027	0.730	0.231	0.012
0.177	0.719	0.046	0.058
0.518	0.038	0.397	0.047
0.092	0.861	0.001	0.046
0.861	0.092	0.001	0.046
0.001	0.943	0.046	0.010
0.231	0.084	0.092	0.593
0.001	0.897	0.010	0.092
0.212	0.047	0.138	0.603
>NNNNNNNNNNNN	24-NNNNNNNNNNNN	nan	0.000000	0	T:0.0(0.00%),B:0.0(0.00%),P:1e0	Tpos:0.0,Tstd:0.0,Bpos:0.0,Bstd:0.0,StrandBias:0.0,Multiplicity:1.00
nan	nan	nan	nan
nan	nan	nan	nan
nan	nan	nan	nan
nan	nan	nan	nan
nan	nan	nan	nan
nan	nan	nan	nan
nan	nan	nan	nan
nan	nan	nan	nan
nan	nan	nan	nan
nan	nan	nan	nan
nan	nan	nan	nan
nan	nan	nan	nan
>NNNNNNNNNNNN	25-NNNNNNNNNNNN	nan	0.000000	0	T:0.0(0.00%),B:0.0(0.00%),P:1e0	Tpos:0.0,Tstd:0.0,Bpos:0.0,Bstd:0.0,StrandBias:0.0,Multiplicity:1.00
nan	nan	nan	nan
nan	nan	nan	nan
nan	nan	nan	nan
nan	nan	nan	nan
nan	nan	nan	nan
nan	nan	nan	nan
nan	nan	nan	nan
nan	nan	nan	nan
nan	nan	nan	nan
nan	nan	nan	nan
nan	nan	nan	nan
nan	nan	nan	nan
>CTCTCTCT	1-CTCTCTCT	5.055996	-96.165148	0	T:359.0(34.16%),B:7395.6(16.79%),P:1e-41	Tpos:75.5,Tstd:39.6,Bpos:74.2,Bstd:66.9,StrandBias:0.2,Multiplicity:1.71
0.019	0.936	0.001	0.044
0.032	0.038	0.085	0.845
0.001	0.939	0.010	0.050
0.016	0.021	0.065	0.898
0.008	0.949	0.001	0.042
0.027	0.030	0.045	0.898
0.013	0.864	0.037	0.086
0.049	0.038	0.037	0.876
>TKCKCTCT	2-TKCKCTCT	6.743151	-64.251104	0	T:308.0(29.31%),B:6925.8(15.72%),P:1e-27	Tpos:72.9,Tstd:40.3,Bpos:75.6,Bstd:59.1,StrandBias:-0.1,Multiplicity:1.25
0.001	0.100	0.237	0.662
0.001	0.001	0.523	0.475
0.001	0.728	0.001	0.270
0.001	0.001	0.447	0.551
0.001	0.997	0.001	0.001
0.001	0.001	0.001	0.997
0.001	0.730	0.042	0.227
0.226	0.140	0.164	0.470
>CGAAAGCG	3-CGAAAGCG	5.345219	-46.089261	0	T:406.0(38.63%),B:11257.9(25.56%),P:1e-20	Tpos:78.4,Tstd:42.2,Bpos:74.5,Bstd:52.3,StrandBias:0.1,Multiplicity:1.26
0.032	0.696	0.251	0.021
0.113	0.001	0.885	0.001
0.889	0.001	0.001	0.109
0.785	0.148	0.066	0.001
0.437	0.018	0.262	0.283
0.075	0.073	0.768	0.084
0.001	0.877	0.121	0.001
0.022	0.001	0.849	0.128
>ATGAGTCA	4-ATGAGTCA	6.089854	-39.687665	0	T:158.0(15.03%),B:3196.0(7.26%),P:1e-17	Tpos:69.9,Tstd:39.6,Bpos:75.6,Bstd:50.7,StrandBias:0.3,Multiplicity:1.15
0.541	0.118	0.219	0.122
0.055	0.055	0.003	0.887
0.001	0.089	0.834	0.076
0.854	0.075	0.060	0.011
0.103	0.216	0.612	0.069
0.035	0.027	0.094	0.844
0.062	0.578	0.307	0.053
0.862	0.003	0.069	0.066
>GTTGTTGT	5-GTTGTTGT	6.612064	-38.063801	0	T:280.0(26.64%),B:7216.7(16.38%),P:1e-16	Tpos:76.4,Tstd:39.4,Bpos:74.8,Bstd:52.3,StrandBias:0.0,Multiplicity:1.27
0.143	0.067	0.568	0.222
0.001	0.181	0.001	0.817
0.138	0.032	0.145	0.685
0.016	0.001	0.808	0.175
0.001	0.290	0.021	0.688
0.077	0.050	0.001	0.872
0.001	0.099	0.652	0.248
0.001	0.113	0.027	0.859
>GTATCTGT	6-GTATCTGT	8.143154	-37.773540	0	T:97.0(9.23%),B:1558.0(3.54%),P:1e-16	Tpos:73.2,Tstd:41.1,Bpos:74.4,Bstd:58.0,StrandBias:0.2,Multiplicity:1.46
0.001	0.001	0.997	0.001
0.001	0.079	0.001	0.919
0.997	0.001	0.001	0.001
0.001	0.001	0.001	0.997
0.001	0.997	0.001	0.001
0.001	0.001	0.001	0.997
0.048	0.001	0.842	0.109
0.064	0.094	0.041	0.801
>CTTATCAG	7-CTTATCAG	8.218546	-35.372299	0	T:75.0(7.14%),B:1067.6(2.42%),P:1e-15	Tpos:77.2,Tstd:40.6,Bpos:74.4,Bstd:52.1,StrandBias:0.1,Multiplicity:1.11
0.015	0.833	0.151	0.001
0.018	0.001	0.001	0.980
0.013	0.001	0.001	0.985
0.997	0.001	0.001	0.001
0.039	0.001	0.007	0.953
0.007	0.983	0.001	0.009
0.942	0.001	0.013	0.044
0.209	0.084	0.627	0.080
>TATATACA	8-TATATACA	6.710426	-30.158579	0	T:202.0(19.22%),B:5001.6(11.35%),P:1e-13	Tpos:73.5,Tstd:42.1,Bpos:72.1,Bstd:61.1,StrandBias:0.3,Multiplicity:1.60
0.001	0.059	0.001	0.939
0.935	0.001	0.050	0.014
0.001	0.314	0.031	0.654
0.745	0.001	0.236	0.018
0.001	0.068	0.007	0.924
0.942	0.001	0.056	0.001
0.001	0.997	0.001	0.001
0.955	0.001	0.001	0.043
>CCCCCCCC	9-CCCCCCCC	4.474154	-27.122050	0	T:276.0(26.26%),B:7749.6(17.59%),P:1e-11	Tpos:76.3,Tstd:42.2,Bpos:74.8,Bstd:50.5,StrandBias:-0.1,Multiplicity:1.34
0.141	0.705	0.052	0.102
0.125	0.744	0.053	0.078
0.059	0.814	0.044	0.083
0.106	0.754	0.065	0.075
0.077	0.787	0.047	0.089
0.092	0.775	0.051	0.082
0.116	0.715	0.078	0.091
0.107	0.708	0.054	0.131
>ACACACAY	10-ACACACAY	6.055923	-25.808513	0	T:327.0(31.11%),B:9710.6(22.04%),P:1e-11	Tpos:72.0,Tstd:44.5,Bpos:75.0,Bstd:58.8,StrandBias:-0.1,Multiplicity:1.39
0.638	0.189	0.156	0.017
0.148	0.833	0.001	0.018
0.846	0.074	0.001	0.079
0.063	0.840	0.096	0.001
0.707	0.053	0.001	0.239
0.139	0.763	0.037	0.061
0.879	0.001	0.001	0.119
0.144	0.492	0.001	0.363
>TATTTATA	11-TATTTATA	7.382257	-24.677872	0	T:202.0(19.22%),B:5312.1(12.06%),P:1e-10	Tpos:81.1,Tstd:41.8,Bpos:75.1,Bstd:55.6,StrandBias:0.1,Multiplicity:1.13
0.001	0.001	0.001	0.997
0.884	0.001	0.114	0.001
0.029	0.267	0.001	0.703
0.003	0.001	0.112	0.884
0.001	0.001	0.001	0.997
0.662	0.105	0.001	0.232
0.001	0.126	0.080	0.793
0.848	0.150	0.001	0.001
>RGGGRAAW	12-RGGGRAAW	6.537929	-22.912787	0	T:169.0(16.08%),B:4300.4(9.76%),P:1e-9	Tpos:80.2,Tstd:43.7,Bpos:74.7,Bstd:47.8,StrandBias:0.2,Multiplicity:1.14
0.384	0.102	0.360	0.154
0.001	0.041	0.638	0.320
0.001	0.065	0.933	0.001
0.354	0.001	0.644	0.001
0.559	0.001	0.439	0.001
0.997	0.001	0.001	0.001
0.685	0.001	0.046	0.268
0.364	0.043	0.175	0.418
>CGACCGAC	13-CGACCGAC	7.449445	-21.882187	0	T:64.0(6.09%),B:1117.8(2.54%),P:1e-9	Tpos:80.5,Tstd:39.2,Bpos:76.6,Bstd:50.7,StrandBias:0.1,Multiplicity:1.20
0.001	0.976	0.022	0.001
0.093	0.001	0.905	0.001
0.997	0.001	0.001	0.001
0.001	0.892	0.106	0.001
0.060	0.850	0.001	0.089
0.044	0.001	0.805	0.150
0.841	0.095	0.063	0.001
0.001	0.822	0.145	0.032
>CCGATCGG	14-CCGATCGG	7.112662	-16.008835	0	T:52.0(4.95%),B:969.7(2.20%),P:1e-6	Tpos:76.7,Tstd:38.6,Bpos:80.5,Bstd:51.5,StrandBias:-0.1,Multiplicity:1.06
0.125	0.732	0.142	0.001
0.001	0.898	0.100	0.001
0.001	0.235	0.715	0.049
0.921	0.001	0.077	0.001
0.001	0.172	0.222	0.605
0.001	0.846	0.030	0.123
0.023	0.193	0.715	0.069
0.269	0.085	0.438	0.208
