>ATGCAAAT	1-ATGCAAAT	6.958596	-70.710753	0	T:312.0(33.69%),B:8313.7(17.75%),P:1e-30	Tpos:76.7,Tstd:39.4,Bpos:74.7,Bstd:50.3,StrandBias:0.1,Multiplicity:1.32
0.907	0.001	0.038	0.054
0.034	0.001	0.029	0.936
0.038	0.017	0.873	0.072
0.001	0.908	0.057	0.034
0.894	0.001	0.001	0.104
0.938	0.001	0.001	0.060
0.997	0.001	0.001	0.001
0.040	0.018	0.021	0.921
>TGACTCAT	2-TGACTCAT	5.938714	-55.789220	0	T:138.0(14.90%),B:2635.8(5.63%),P:1e-24	Tpos:73.7,Tstd:42.0,Bpos:72.6,Bstd:48.3,StrandBias:0.1,Multiplicity:1.07
0.001	0.001	0.001	0.997
0.001	0.001	0.950	0.048
0.997	0.001	0.001	0.001
0.094	0.640	0.218	0.048
0.001	0.001	0.001	0.997
0.061	0.916	0.022	0.001
0.997	0.001	0.001	0.001
0.036	0.158	0.073	0.733
>GCCGATCG	3-GCCGATCG	5.738346	-37.308438	0	T:170.0(18.36%),B:4429.5(9.46%),P:1e-16	Tpos:71.8,Tstd:39.1,Bpos:73.9,Bstd:49.5,StrandBias:0.0,Multiplicity:1.14
0.235	0.118	0.467	0.180
0.166	0.671	0.064	0.099
0.001	0.830	0.135	0.034
0.056	0.063	0.828	0.053
0.793	0.170	0.001	0.036
0.088	0.086	0.063	0.763
0.001	0.878	0.069	0.052
0.112	0.106	0.781	0.001
>CAAAGTCC	4-CAAAGTCC	7.045226	-36.858702	0	T:117.0(12.63%),B:2564.4(5.48%),P:1e-16	Tpos:75.8,Tstd:41.1,Bpos:77.2,Bstd:47.5,StrandBias:0.0,Multiplicity:1.05
0.001	0.988	0.001	0.010
0.928	0.049	0.017	0.006
0.997	0.001	0.001	0.001
0.982	0.001	0.001	0.016
0.001	0.001	0.997	0.001
0.014	0.001	0.085	0.900
0.162	0.512	0.168	0.158
0.063	0.804	0.054	0.079
>CATTCAWT	5-CATTCAWT	5.325307	-29.492178	0	T:386.0(41.68%),B:14195.1(30.31%),P:1e-12	Tpos:72.7,Tstd:43.2,Bpos:74.3,Bstd:49.4,StrandBias:0.1,Multiplicity:1.35
0.197	0.640	0.067	0.096
0.765	0.107	0.053	0.075
0.044	0.043	0.081	0.832
0.113	0.001	0.209	0.677
0.001	0.570	0.279	0.150
0.720	0.073	0.156	0.051
0.342	0.108	0.178	0.372
0.081	0.001	0.001	0.917
>CTCTCTCT	6-CTCTCTCT	4.995982	-27.548366	0	T:222.0(23.97%),B:7074.1(15.10%),P:1e-11	Tpos:74.3,Tstd:37.5,Bpos:74.5,Bstd:51.2,StrandBias:0.2,Multiplicity:1.48
0.014	0.759	0.129	0.098
0.096	0.111	0.127	0.666
0.060	0.780	0.100	0.060
0.074	0.053	0.075	0.798
0.045	0.848	0.063	0.044
0.124	0.096	0.090	0.690
0.063	0.776	0.054	0.107
0.086	0.149	0.078	0.687
>CAAAGTGC	7-CAAAGTGC	5.334698	-27.470513	0	T:431.0(46.54%),B:16521.3(35.27%),P:1e-11	Tpos:75.3,Tstd:41.1,Bpos:74.4,Bstd:49.4,StrandBias:0.3,Multiplicity:1.26
0.139	0.626	0.071	0.164
0.878	0.001	0.013	0.108
0.783	0.120	0.079	0.018
0.898	0.002	0.057	0.043
0.173	0.074	0.646	0.107
0.190	0.130	0.112	0.568
0.201	0.001	0.626	0.172
0.002	0.979	0.001	0.018
>TCAGGTGT	8-TCAGGTGT	7.237012	-22.444244	0	T:64.0(6.91%),B:1332.8(2.85%),P:1e-9	Tpos:74.7,Tstd:40.1,Bpos:73.5,Bstd:45.2,StrandBias:0.5,Multiplicity:1.02
0.091	0.001	0.039	0.869
0.015	0.961	0.001	0.023
0.949	0.001	0.049	0.001
0.001	0.001	0.997	0.001
0.001	0.230	0.495	0.274
0.001	0.001	0.086	0.912
0.001	0.018	0.959	0.022
0.001	0.062	0.067	0.870
>ACCTTAGC	9-ACCTTAGC	6.757608	-20.514883	0	T:65.0(7.02%),B:1433.8(3.06%),P:1e-8	Tpos:63.4,Tstd:37.2,Bpos:74.4,Bstd:46.4,StrandBias:0.1,Multiplicity:1.02
0.997	0.001	0.001	0.001
0.083	0.830	0.086	0.001
0.001	0.893	0.001	0.105
0.030	0.001	0.001	0.968
0.001	0.001	0.109	0.889
0.659	0.154	0.149	0.038
0.001	0.092	0.906	0.001
0.148	0.850	0.001	0.001
>GYATATAT	10-GYATATAT	8.052392	-19.187670	0	T:113.0(12.20%),B:3234.7(6.91%),P:1e-8	Tpos:76.6,Tstd:42.2,Bpos:72.8,Bstd:55.3,StrandBias:-0.2,Multiplicity:1.11
0.001	0.304	0.694	0.001
0.080	0.392	0.001	0.527
0.914	0.001	0.001	0.084
0.001	0.001	0.001	0.997
0.997	0.001	0.001	0.001
0.001	0.397	0.001	0.601
0.997	0.001	0.001	0.001
0.094	0.073	0.001	0.832
>DACGTCAA	11-DACGTCAA	6.416083	-19.165115	0	T:124.0(13.39%),B:3664.8(7.82%),P:1e-8	Tpos:85.6,Tstd:40.3,Bpos:74.3,Bstd:52.6,StrandBias:0.8,Multiplicity:1.12
0.245	0.155	0.340	0.261
0.997	0.001	0.001	0.001
0.001	0.953	0.045	0.001
0.001	0.001	0.886	0.112
0.113	0.064	0.216	0.607
0.280	0.633	0.001	0.086
0.754	0.001	0.244	0.001
0.715	0.115	0.169	0.001
>YCGAACCS	12-YCGAACCS	6.588322	-18.033768	0	T:114.0(12.31%),B:3344.1(7.14%),P:1e-7	Tpos:72.1,Tstd:41.9,Bpos:76.4,Bstd:50.7,StrandBias:0.5,Multiplicity:1.20
0.001	0.453	0.149	0.398
0.001	0.997	0.001	0.001
0.001	0.201	0.797	0.001
0.747	0.210	0.001	0.042
0.997	0.001	0.001	0.001
0.001	0.642	0.356	0.001
0.001	0.997	0.001	0.001
0.001	0.462	0.423	0.114
>TACGTATG	13-TACGTATG	4.103759	-13.658466	0	T:41.0(4.43%),B:896.4(1.91%),P:1e-5	Tpos:84.3,Tstd:35.0,Bpos:75.9,Bstd:55.7,StrandBias:-0.2,Multiplicity:1.07
0.001	0.001	0.001	0.997
0.997	0.001	0.001	0.001
0.001	0.997	0.001	0.001
0.001	0.001	0.997	0.001
0.001	0.001	0.001	0.997
0.941	0.001	0.057	0.001
0.001	0.248	0.001	0.750
0.001	0.001	0.997	0.001
>TTATCGAT	14-TTATCGAT	9.596426	-13.447081	0	T:37.0(4.00%),B:774.1(1.65%),P:1e-5	Tpos:80.9,Tstd:40.3,Bpos:64.6,Bstd:47.1,StrandBias:0.2,Multiplicity:1.09
0.001	0.138	0.274	0.587
0.083	0.001	0.001	0.915
0.997	0.001	0.001	0.001
0.001	0.001	0.001	0.997
0.001	0.997	0.001	0.001
0.001	0.001	0.997	0.001
0.960	0.001	0.038	0.001
0.001	0.054	0.001	0.944
>CCCCCCCT	15-CCCCCCCT	6.872219	-9.845845	0	T:45.0(4.86%),B:1203.9(2.57%),P:1e-4	Tpos:76.7,Tstd:48.2,Bpos:74.3,Bstd:44.6,StrandBias:0.9,Multiplicity:1.02
0.326	0.626	0.045	0.003
0.001	0.997	0.001	0.001
0.001	0.997	0.001	0.001
0.001	0.706	0.171	0.122
0.001	0.997	0.001	0.001
0.001	0.882	0.091	0.026
0.001	0.600	0.028	0.371
0.011	0.209	0.122	0.658
