>TRATTTGCATWT	1-TRATTTGCATWT	7.676505	-82.923913	0	T:220.0(23.76%),B:4473.0(9.55%),P:1e-36	Tpos:73.4,Tstd:38.1,Bpos:74.8,Bstd:49.6,StrandBias:0.1,Multiplicity:1.26
0.057	0.175	0.282	0.486
0.243	0.222	0.373	0.161
0.802	0.104	0.001	0.093
0.126	0.001	0.001	0.872
0.023	0.001	0.046	0.930
0.001	0.001	0.001	0.997
0.009	0.036	0.954	0.001
0.146	0.754	0.079	0.021
0.976	0.001	0.022	0.001
0.160	0.001	0.001	0.838
0.371	0.001	0.181	0.446
0.076	0.200	0.203	0.521
>NYNDVTGAVTCA	2-NYNDVTGAVTCA	7.199765	-82.678185	0	T:155.0(16.74%),B:2468.2(5.27%),P:1e-35	Tpos:70.5,Tstd:39.8,Bpos:72.3,Bstd:47.9,StrandBias:-0.1,Multiplicity:1.10
0.270	0.236	0.306	0.188
0.145	0.281	0.181	0.393
0.277	0.181	0.247	0.294
0.347	0.163	0.279	0.211
0.375	0.244	0.335	0.045
0.001	0.001	0.001	0.997
0.009	0.018	0.750	0.223
0.990	0.001	0.001	0.008
0.279	0.263	0.319	0.139
0.001	0.001	0.001	0.997
0.217	0.635	0.147	0.001
0.997	0.001	0.001	0.001
>TGAACTTTGAAC	3-TGAACTTTGAAC	7.652641	-55.728059	0	T:123.0(13.28%),B:2179.4(4.65%),P:1e-24	Tpos:78.6,Tstd:39.4,Bpos:75.3,Bstd:48.0,StrandBias:-0.1,Multiplicity:1.06
0.085	0.184	0.076	0.655
0.148	0.001	0.698	0.153
0.427	0.218	0.092	0.263
0.901	0.015	0.076	0.008
0.118	0.720	0.055	0.107
0.150	0.017	0.001	0.832
0.001	0.024	0.001	0.974
0.001	0.039	0.060	0.900
0.152	0.001	0.758	0.089
0.412	0.236	0.198	0.154
0.635	0.235	0.001	0.129
0.062	0.590	0.035	0.313
>GTATGCTAATTA	4-GTATGCTAATTA	9.754782	-45.385846	0	T:46.0(4.97%),B:410.6(0.88%),P:1e-19	Tpos:84.0,Tstd:36.7,Bpos:75.4,Bstd:51.0,StrandBias:0.4,Multiplicity:1.00
0.254	0.099	0.538	0.109
0.250	0.148	0.038	0.564
0.634	0.077	0.141	0.148
0.001	0.001	0.037	0.961
0.031	0.001	0.936	0.032
0.001	0.922	0.039	0.038
0.001	0.001	0.001	0.997
0.885	0.038	0.076	0.001
0.974	0.001	0.001	0.024
0.161	0.001	0.001	0.837
0.001	0.001	0.077	0.921
0.618	0.038	0.077	0.267
>ATTTAAAATKCA	5-ATTTAAAATKCA	10.220455	-43.934555	0	T:42.0(4.54%),B:350.2(0.75%),P:1e-19	Tpos:70.3,Tstd:45.3,Bpos:72.7,Bstd:50.9,StrandBias:0.0,Multiplicity:1.00
0.725	0.056	0.016	0.203
0.232	0.021	0.159	0.588
0.089	0.032	0.037	0.842
0.266	0.084	0.021	0.629
0.752	0.040	0.071	0.137
0.545	0.362	0.030	0.063
0.870	0.060	0.011	0.059
0.598	0.042	0.055	0.305
0.098	0.017	0.026	0.859
0.051	0.028	0.501	0.420
0.219	0.469	0.182	0.130
0.853	0.047	0.065	0.035
>GAACCGAACCGA	6-GAACCGAACCGA	7.624111	-33.149111	0	T:69.0(7.45%),B:1176.0(2.51%),P:1e-14	Tpos:78.8,Tstd:37.8,Bpos:75.3,Bstd:48.2,StrandBias:0.3,Multiplicity:1.11
0.077	0.072	0.760	0.091
0.819	0.109	0.036	0.036
0.730	0.036	0.091	0.143
0.091	0.677	0.108	0.124
0.036	0.656	0.109	0.199
0.042	0.055	0.849	0.054
0.820	0.090	0.054	0.036
0.837	0.001	0.126	0.036
0.054	0.731	0.109	0.106
0.162	0.567	0.090	0.181
0.042	0.145	0.741	0.072
0.818	0.037	0.055	0.090
>ATCGAATCGCAA	7-ATCGAATCGCAA	14.083041	-32.132463	0	T:9.0(0.97%),B:6.5(0.01%),P:1e-13	Tpos:47.2,Tstd:20.1,Bpos:100.1,Bstd:39.3,StrandBias:1.0,Multiplicity:1.00
0.832	0.166	0.001	0.001
0.001	0.001	0.001	0.997
0.001	0.832	0.001	0.166
0.001	0.001	0.832	0.166
0.997	0.001	0.001	0.001
0.997	0.001	0.001	0.001
0.001	0.001	0.001	0.997
0.166	0.832	0.001	0.001
0.001	0.001	0.997	0.001
0.001	0.997	0.001	0.001
0.832	0.001	0.166	0.001
0.997	0.001	0.001	0.001
>AGAGAGAGAGAG	8-AGAGAGAGAGAG	6.288685	-31.580739	0	T:130.0(14.04%),B:3229.9(6.90%),P:1e-13	Tpos:77.1,Tstd:36.6,Bpos:76.5,Bstd:50.8,StrandBias:-0.3,Multiplicity:1.28
0.707	0.085	0.106	0.102
0.119	0.078	0.741	0.062
0.701	0.116	0.086	0.097
0.094	0.026	0.841	0.039
0.812	0.075	0.055	0.058
0.146	0.050	0.782	0.022
0.669	0.166	0.086	0.079
0.051	0.150	0.759	0.040
0.502	0.108	0.265	0.125
0.103	0.085	0.726	0.086
0.660	0.073	0.185	0.082
0.220	0.127	0.615	0.038
>TTACGTACGCGG	9-TTACGTACGCGG	9.533366	-28.584312	0	T:18.0(1.94%),B:86.5(0.18%),P:1e-12	Tpos:74.6,Tstd:43.2,Bpos:79.3,Bstd:55.3,StrandBias:0.0,Multiplicity:1.00
0.001	0.001	0.001	0.997
0.001	0.001	0.001	0.997
0.875	0.001	0.052	0.072
0.072	0.815	0.001	0.112
0.060	0.072	0.796	0.072
0.145	0.072	0.001	0.782
0.710	0.072	0.217	0.001
0.145	0.711	0.072	0.072
0.071	0.001	0.927	0.001
0.072	0.849	0.001	0.078
0.001	0.217	0.710	0.072
0.072	0.072	0.850	0.006
>TCTACGCATACA	10-TCTACGCATACA	11.602560	-26.880774	0	T:16.0(1.73%),B:70.6(0.15%),P:1e-11	Tpos:72.7,Tstd:39.8,Bpos:77.1,Bstd:44.8,StrandBias:0.6,Multiplicity:1.00
0.001	0.001	0.001	0.997
0.001	0.867	0.131	0.001
0.131	0.001	0.001	0.867
0.590	0.001	0.277	0.132
0.001	0.867	0.001	0.131
0.172	0.001	0.826	0.001
0.001	0.648	0.001	0.350
0.727	0.001	0.132	0.140
0.001	0.229	0.001	0.769
0.997	0.001	0.001	0.001
0.001	0.997	0.001	0.001
0.997	0.001	0.001	0.001
>GTAAATTCCGCA	11-GTAAATTCCGCA	14.042917	-26.011461	0	T:6.0(0.65%),B:2.3(0.00%),P:1e-11	Tpos:50.2,Tstd:25.8,Bpos:70.0,Bstd:0.0,StrandBias:1.0,Multiplicity:1.00
0.001	0.001	0.997	0.001
0.166	0.001	0.001	0.832
0.997	0.001	0.001	0.001
0.997	0.001	0.001	0.001
0.997	0.001	0.001	0.001
0.001	0.001	0.001	0.997
0.001	0.001	0.166	0.832
0.001	0.997	0.001	0.001
0.001	0.997	0.001	0.001
0.001	0.166	0.667	0.166
0.001	0.997	0.001	0.001
0.832	0.001	0.001	0.166
>TATGTATCGATA	12-TATGTATCGATA	9.015956	-24.455736	0	T:53.0(5.72%),B:935.4(2.00%),P:1e-10	Tpos:78.4,Tstd:37.1,Bpos:70.0,Bstd:53.0,StrandBias:0.4,Multiplicity:1.08
0.148	0.077	0.207	0.568
0.687	0.001	0.107	0.205
0.074	0.001	0.245	0.680
0.104	0.038	0.695	0.163
0.001	0.089	0.001	0.909
0.909	0.045	0.045	0.001
0.001	0.001	0.001	0.997
0.059	0.893	0.047	0.001
0.001	0.097	0.766	0.136
0.997	0.001	0.001	0.001
0.037	0.001	0.090	0.872
0.815	0.001	0.045	0.139
>CGAGCGGAGAGC	13-CGAGCGGAGAGC	14.102999	-23.480897	0	T:9.0(0.97%),B:16.3(0.03%),P:1e-10	Tpos:78.2,Tstd:37.5,Bpos:60.3,Bstd:44.0,StrandBias:0.0,Multiplicity:1.00
0.174	0.651	0.001	0.174
0.001	0.001	0.997	0.001
0.997	0.001	0.001	0.001
0.001	0.001	0.824	0.174
0.001	0.997	0.001	0.001
0.001	0.001	0.824	0.174
0.001	0.001	0.997	0.001
0.872	0.126	0.001	0.001
0.001	0.001	0.997	0.001
0.997	0.001	0.001	0.001
0.001	0.001	0.997	0.001
0.001	0.997	0.001	0.001
>AAAGTCAAAGTC	14-AAAGTCAAAGTC	12.230336	-22.521924	0	T:12.0(1.30%),B:44.3(0.09%),P:1e-9	Tpos:79.9,Tstd:40.0,Bpos:65.8,Bstd:44.2,StrandBias:0.6,Multiplicity:1.11
0.907	0.001	0.091	0.001
0.997	0.001	0.001	0.001
0.997	0.001	0.001	0.001
0.203	0.001	0.795	0.001
0.001	0.092	0.127	0.780
0.104	0.894	0.001	0.001
0.872	0.001	0.126	0.001
0.997	0.001	0.001	0.001
0.872	0.001	0.001	0.126
0.001	0.001	0.997	0.001
0.001	0.001	0.001	0.997
0.092	0.780	0.001	0.127
>CACACTGAAACT	15-CACACTGAAACT	12.276386	-21.230169	0	T:10.0(1.08%),B:29.3(0.06%),P:1e-9	Tpos:49.3,Tstd:25.7,Bpos:76.5,Bstd:34.7,StrandBias:0.6,Multiplicity:1.00
0.001	0.997	0.001	0.001
0.997	0.001	0.001	0.001
0.341	0.657	0.001	0.001
0.997	0.001	0.001	0.001
0.171	0.827	0.001	0.001
0.001	0.001	0.001	0.997
0.001	0.001	0.997	0.001
0.997	0.001	0.001	0.001
0.827	0.001	0.001	0.171
0.997	0.001	0.001	0.001
0.001	0.997	0.001	0.001
0.141	0.001	0.001	0.857
>WATGASCTKTWG	16-WATGASCTKTWG	8.422130	-20.212083	0	T:42.0(4.54%),B:727.2(1.55%),P:1e-8	Tpos:79.3,Tstd:34.5,Bpos:75.6,Bstd:45.2,StrandBias:0.8,Multiplicity:1.03
0.432	0.001	0.075	0.493
0.730	0.212	0.057	0.001
0.294	0.001	0.001	0.704
0.002	0.283	0.714	0.001
0.922	0.001	0.076	0.001
0.001	0.558	0.440	0.001
0.001	0.784	0.077	0.138
0.001	0.001	0.001	0.997
0.001	0.002	0.458	0.539
0.001	0.076	0.075	0.848
0.369	0.129	0.001	0.501
0.001	0.348	0.576	0.075
>YHGCTSDCTCGC	17-YHGCTSDCTCGC	7.317623	-20.197268	0	T:84.0(9.07%),B:2101.7(4.49%),P:1e-8	Tpos:75.0,Tstd:38.3,Bpos:73.3,Bstd:50.7,StrandBias:-0.7,Multiplicity:1.02
0.001	0.560	0.001	0.438
0.306	0.288	0.117	0.289
0.065	0.001	0.933	0.001
0.001	0.852	0.001	0.146
0.226	0.001	0.001	0.772
0.001	0.557	0.441	0.001
0.348	0.001	0.262	0.389
0.124	0.621	0.010	0.245
0.253	0.101	0.148	0.499
0.145	0.552	0.302	0.001
0.274	0.001	0.443	0.282
0.279	0.594	0.126	0.001
>CCAAAGGTCTAT	18-CCAAAGGTCTAT	11.749288	-18.798066	0	T:8.0(0.86%),B:19.5(0.04%),P:1e-8	Tpos:95.4,Tstd:38.3,Bpos:82.1,Bstd:32.6,StrandBias:0.7,Multiplicity:1.00
0.001	0.997	0.001	0.001
0.001	0.858	0.001	0.140
0.997	0.001	0.001	0.001
0.997	0.001	0.001	0.001
0.997	0.001	0.001	0.001
0.001	0.141	0.576	0.282
0.398	0.001	0.600	0.001
0.001	0.140	0.001	0.858
0.007	0.868	0.001	0.124
0.141	0.007	0.141	0.711
0.858	0.140	0.001	0.001
0.148	0.141	0.001	0.710
>GCGTGCGGCTCA	19-GCGTGCGGCTCA	14.042917	-18.578940	0	T:6.0(0.65%),B:7.4(0.02%),P:1e-8	Tpos:51.7,Tstd:19.0,Bpos:84.7,Bstd:21.0,StrandBias:1.0,Multiplicity:1.00
0.001	0.166	0.832	0.001
0.166	0.667	0.001	0.166
0.001	0.001	0.997	0.001
0.001	0.001	0.001	0.997
0.001	0.001	0.997	0.001
0.001	0.997	0.001	0.001
0.001	0.166	0.832	0.001
0.001	0.001	0.997	0.001
0.001	0.997	0.001	0.001
0.001	0.001	0.001	0.997
0.001	0.832	0.001	0.166
0.997	0.001	0.001	0.001
>CRTCGTCATCGT	20-CRTCGTCATCGT	11.866242	-17.806110	0	T:11.0(1.19%),B:54.8(0.12%),P:1e-7	Tpos:100.7,Tstd:34.5,Bpos:81.4,Bstd:43.4,StrandBias:0.8,Multiplicity:1.27
0.001	0.873	0.001	0.125
0.487	0.126	0.386	0.001
0.001	0.001	0.384	0.614
0.001	0.997	0.001	0.001
0.004	0.001	0.994	0.001
0.001	0.125	0.001	0.873
0.126	0.622	0.126	0.126
0.997	0.001	0.001	0.001
0.001	0.001	0.149	0.849
0.001	0.997	0.001	0.001
0.001	0.125	0.873	0.001
0.001	0.082	0.001	0.916
>GTCTTCCGGTCA	21-GTCTTCCGGTCA	9.885200	-17.549991	0	T:5.0(0.54%),B:5.0(0.01%),P:1e-7	Tpos:59.3,Tstd:34.8,Bpos:97.7,Bstd:19.3,StrandBias:1.0,Multiplicity:1.20
0.001	0.001	0.997	0.001
0.001	0.001	0.001	0.997
0.001	0.958	0.001	0.040
0.001	0.201	0.001	0.797
0.001	0.001	0.040	0.958
0.001	0.997	0.001	0.001
0.001	0.958	0.040	0.001
0.040	0.001	0.797	0.162
0.001	0.001	0.997	0.001
0.001	0.001	0.001	0.997
0.001	0.997	0.001	0.001
0.997	0.001	0.001	0.001
>TCTCTCTCTCTC	22-TCTCTCTCTCTC	7.734713	-17.452180	0	T:69.0(7.45%),B:1695.9(3.62%),P:1e-7	Tpos:73.4,Tstd:36.9,Bpos:76.1,Bstd:48.8,StrandBias:-0.8,Multiplicity:1.00
0.119	0.025	0.049	0.807
0.072	0.739	0.082	0.107
0.024	0.001	0.073	0.902
0.094	0.606	0.171	0.129
0.031	0.001	0.073	0.895
0.153	0.586	0.076	0.185
0.049	0.069	0.129	0.753
0.049	0.731	0.122	0.098
0.147	0.074	0.147	0.632
0.010	0.665	0.120	0.205
0.197	0.025	0.025	0.753
0.020	0.931	0.048	0.001
>GAGAGGGAGAGA	23-GAGAGGGAGAGA	7.477597	-8.147533	0	T:44.0(4.75%),B:1263.0(2.70%),P:1e-3	Tpos:81.0,Tstd:43.2,Bpos:76.4,Bstd:42.1,StrandBias:0.3,Multiplicity:1.00
0.067	0.070	0.837	0.026
0.639	0.129	0.103	0.129
0.106	0.051	0.740	0.103
0.673	0.122	0.051	0.154
0.103	0.107	0.636	0.154
0.001	0.032	0.916	0.051
0.077	0.147	0.750	0.026
0.716	0.071	0.103	0.110
0.161	0.001	0.813	0.025
0.847	0.051	0.051	0.051
0.106	0.144	0.673	0.077
0.769	0.077	0.103	0.051
>GGGGGGGGGGGG	24-GGGGGGGGGGGG	11.867924	-4.968062	0	T:7.0(0.76%),B:110.7(0.24%),P:1e-2	Tpos:87.6,Tstd:52.7,Bpos:78.7,Bstd:42.5,StrandBias:0.2,Multiplicity:1.00
0.187	0.078	0.688	0.047
0.153	0.001	0.845	0.001
0.070	0.001	0.882	0.047
0.039	0.001	0.913	0.047
0.094	0.001	0.810	0.095
0.141	0.001	0.776	0.082
0.047	0.001	0.918	0.034
0.001	0.001	0.997	0.001
0.001	0.001	0.951	0.047
0.095	0.081	0.823	0.001
0.094	0.026	0.757	0.123
0.196	0.123	0.650	0.031
>TTTTTTTTTTTT	25-TTTTTTTTTTTT	9.957878	-4.330796	0	T:42.0(4.54%),B:1473.3(3.15%),P:1e-1	Tpos:74.1,Tstd:45.8,Bpos:75.9,Bstd:42.7,StrandBias:0.3,Multiplicity:1.05
0.022	0.148	0.227	0.603
0.001	0.122	0.232	0.645
0.003	0.042	0.266	0.689
0.144	0.041	0.170	0.645
0.147	0.016	0.051	0.786
0.138	0.039	0.071	0.752
0.169	0.017	0.047	0.767
0.188	0.131	0.053	0.628
0.173	0.117	0.032	0.678
0.224	0.007	0.034	0.735
0.133	0.030	0.162	0.675
0.202	0.153	0.023	0.622
