>CATTTGCATA	1-CATTTGCATA	6.063152	-92.759999	0	T:210.0(22.68%),B:3869.8(8.26%),P:1e-40	Tpos:73.2,Tstd:38.1,Bpos:74.4,Bstd:50.2,StrandBias:-0.2,Multiplicity:1.20
0.117	0.825	0.051	0.007
0.997	0.001	0.001	0.001
0.001	0.001	0.001	0.997
0.011	0.001	0.001	0.987
0.016	0.001	0.001	0.982
0.001	0.023	0.975	0.001
0.047	0.929	0.001	0.023
0.997	0.001	0.001	0.001
0.055	0.033	0.001	0.911
0.576	0.024	0.278	0.122
>TGANTCATTS	2-TGANTCATTS	6.604021	-61.587554	0	T:171.0(18.47%),B:3518.5(7.51%),P:1e-26	Tpos:75.4,Tstd:41.5,Bpos:74.4,Bstd:48.1,StrandBias:-0.0,Multiplicity:1.12
0.001	0.001	0.001	0.997
0.009	0.139	0.670	0.182
0.997	0.001	0.001	0.001
0.224	0.240	0.266	0.271
0.016	0.020	0.082	0.882
0.120	0.738	0.123	0.019
0.985	0.001	0.013	0.001
0.138	0.243	0.105	0.514
0.097	0.243	0.142	0.518
0.206	0.371	0.301	0.122
>TCGAACTTTG	3-TCGAACTTTG	6.726095	-58.113852	0	T:136.0(14.69%),B:2508.3(5.36%),P:1e-25	Tpos:72.5,Tstd:38.9,Bpos:74.8,Bstd:47.5,StrandBias:-0.3,Multiplicity:1.07
0.076	0.247	0.087	0.590
0.089	0.627	0.104	0.180
0.025	0.001	0.973	0.001
0.549	0.102	0.121	0.228
0.753	0.135	0.111	0.001
0.001	0.947	0.051	0.001
0.001	0.109	0.062	0.828
0.013	0.045	0.040	0.902
0.137	0.017	0.001	0.845
0.069	0.124	0.744	0.063
>GGTTTGCMTT	4-GGTTTGCMTT	7.298102	-50.176733	0	T:147.0(15.87%),B:3100.0(6.62%),P:1e-21	Tpos:78.9,Tstd:39.4,Bpos:73.6,Bstd:47.1,StrandBias:-0.0,Multiplicity:1.15
0.138	0.186	0.535	0.141
0.181	0.239	0.405	0.175
0.001	0.105	0.001	0.893
0.010	0.001	0.001	0.988
0.001	0.001	0.001	0.997
0.084	0.123	0.659	0.134
0.158	0.486	0.205	0.151
0.484	0.341	0.029	0.146
0.034	0.001	0.209	0.756
0.222	0.091	0.121	0.566
>CATTCANTTG	5-CATTCANTTG	8.004062	-31.404375	0	T:42.0(4.54%),B:505.6(1.08%),P:1e-13	Tpos:74.1,Tstd:41.8,Bpos:74.5,Bstd:49.3,StrandBias:-0.9,Multiplicity:1.03
0.035	0.681	0.256	0.028
0.728	0.045	0.198	0.029
0.057	0.060	0.052	0.831
0.182	0.044	0.129	0.645
0.056	0.693	0.046	0.205
0.598	0.157	0.217	0.028
0.197	0.206	0.251	0.347
0.034	0.066	0.041	0.859
0.240	0.053	0.261	0.447
0.032	0.073	0.741	0.154
>CGGTTCAGTT	6-CGGTTCAGTT	7.330988	-29.028689	0	T:77.0(8.32%),B:1530.9(3.27%),P:1e-12	Tpos:76.9,Tstd:42.5,Bpos:76.1,Bstd:45.8,StrandBias:-0.5,Multiplicity:1.10
0.083	0.778	0.063	0.076
0.091	0.104	0.744	0.061
0.107	0.115	0.669	0.109
0.010	0.063	0.039	0.888
0.024	0.033	0.056	0.887
0.059	0.794	0.077	0.070
0.704	0.069	0.122	0.105
0.065	0.044	0.839	0.052
0.040	0.043	0.043	0.874
0.065	0.036	0.069	0.830
>GAGCCGATCG	7-GAGCCGATCG	7.439792	-28.793248	0	T:54.0(5.83%),B:858.4(1.83%),P:1e-12	Tpos:75.1,Tstd:39.2,Bpos:75.8,Bstd:49.5,StrandBias:-0.3,Multiplicity:1.11
0.085	0.128	0.617	0.170
0.730	0.196	0.030	0.044
0.124	0.088	0.576	0.212
0.030	0.756	0.041	0.173
0.001	0.742	0.185	0.072
0.011	0.001	0.946	0.042
0.961	0.014	0.001	0.024
0.050	0.064	0.183	0.703
0.001	0.887	0.001	0.111
0.001	0.131	0.867	0.001
>CCATTAGACT	8-CCATTAGACT	9.052655	-25.132952	0	T:20.0(2.16%),B:137.1(0.29%),P:1e-10	Tpos:90.0,Tstd:36.9,Bpos:80.4,Bstd:37.2,StrandBias:1.2,Multiplicity:1.00
0.001	0.901	0.097	0.001
0.065	0.933	0.001	0.001
0.997	0.001	0.001	0.001
0.062	0.135	0.001	0.802
0.001	0.001	0.001	0.997
0.747	0.056	0.155	0.042
0.001	0.053	0.834	0.112
0.918	0.001	0.001	0.080
0.055	0.943	0.001	0.001
0.001	0.001	0.001	0.997
>TGACGTCAAT	9-TGACGTCAAT	7.070063	-24.921750	0	T:57.0(6.16%),B:1040.4(2.22%),P:1e-10	Tpos:76.9,Tstd:41.5,Bpos:74.3,Bstd:50.0,StrandBias:0.1,Multiplicity:1.04
0.064	0.098	0.010	0.828
0.105	0.056	0.765	0.074
0.844	0.064	0.049	0.043
0.082	0.778	0.063	0.077
0.053	0.038	0.842	0.067
0.036	0.036	0.051	0.877
0.106	0.796	0.053	0.045
0.841	0.027	0.082	0.050
0.741	0.055	0.090	0.114
0.146	0.054	0.106	0.694
>ATACCAAACG	10-ATACCAAACG	9.049504	-24.709053	0	T:29.0(3.13%),B:312.8(0.67%),P:1e-10	Tpos:81.2,Tstd:40.5,Bpos:71.2,Bstd:47.4,StrandBias:0.4,Multiplicity:1.08
0.967	0.001	0.001	0.031
0.001	0.034	0.001	0.964
0.866	0.037	0.059	0.038
0.035	0.926	0.038	0.001
0.038	0.909	0.001	0.052
0.946	0.001	0.052	0.001
0.734	0.001	0.073	0.192
0.888	0.073	0.001	0.038
0.020	0.866	0.001	0.113
0.001	0.001	0.969	0.029
>AGGTGAGCCG	11-AGGTGAGCCG	6.644781	-23.986353	0	T:77.0(8.32%),B:1702.5(3.64%),P:1e-10	Tpos:66.9,Tstd:36.2,Bpos:74.0,Bstd:47.1,StrandBias:0.0,Multiplicity:1.04
0.806	0.059	0.034	0.101
0.086	0.064	0.789	0.061
0.060	0.058	0.849	0.033
0.032	0.079	0.053	0.836
0.048	0.085	0.787	0.080
0.728	0.062	0.125	0.085
0.065	0.012	0.848	0.075
0.032	0.849	0.069	0.050
0.095	0.728	0.095	0.082
0.064	0.108	0.783	0.045
>AGAGAGAGAG	12-AGAGAGAGAG	4.848788	-23.709577	0	T:184.0(19.87%),B:5772.2(12.32%),P:1e-10	Tpos:74.8,Tstd:37.5,Bpos:75.5,Bstd:50.4,StrandBias:-0.1,Multiplicity:1.29
0.665	0.105	0.123	0.107
0.129	0.107	0.681	0.083
0.717	0.097	0.091	0.095
0.108	0.088	0.711	0.093
0.695	0.119	0.088	0.098
0.089	0.092	0.751	0.068
0.705	0.098	0.094	0.103
0.097	0.113	0.717	0.073
0.677	0.095	0.121	0.107
0.113	0.123	0.681	0.083
>AGCGGAGAGC	13-AGCGGAGAGC	8.574310	-22.598688	0	T:26.0(2.81%),B:276.3(0.59%),P:1e-9	Tpos:80.0,Tstd:37.9,Bpos:71.7,Bstd:53.7,StrandBias:0.0,Multiplicity:1.04
0.911	0.087	0.001	0.001
0.001	0.001	0.997	0.001
0.047	0.951	0.001	0.001
0.052	0.001	0.901	0.046
0.093	0.043	0.783	0.081
0.951	0.047	0.001	0.001
0.053	0.081	0.805	0.061
0.997	0.001	0.001	0.001
0.001	0.001	0.911	0.087
0.001	0.997	0.001	0.001
>YATDTAAKTA	14-YATDTAAKTA	7.063288	-22.245798	0	T:205.0(22.14%),B:6759.4(14.43%),P:1e-9	Tpos:77.3,Tstd:42.7,Bpos:75.4,Bstd:52.6,StrandBias:-0.2,Multiplicity:1.10
0.001	0.471	0.001	0.527
0.997	0.001	0.001	0.001
0.028	0.398	0.001	0.573
0.371	0.033	0.268	0.328
0.001	0.288	0.001	0.710
0.997	0.001	0.001	0.001
0.611	0.021	0.001	0.367
0.114	0.001	0.467	0.417
0.001	0.001	0.001	0.997
0.997	0.001	0.001	0.001
>GCTAHTTAGC	15-GCTAHTTAGC	8.867326	-21.972206	0	T:21.0(2.27%),B:183.8(0.39%),P:1e-9	Tpos:79.4,Tstd:43.3,Bpos:70.2,Bstd:49.0,StrandBias:0.9,Multiplicity:1.00
0.035	0.300	0.596	0.069
0.001	0.969	0.001	0.029
0.002	0.062	0.001	0.935
0.807	0.126	0.001	0.066
0.293	0.376	0.072	0.259
0.001	0.001	0.001	0.997
0.144	0.001	0.001	0.854
0.774	0.001	0.001	0.224
0.036	0.115	0.549	0.300
0.257	0.545	0.121	0.077
>CAGCGTCATC	16-CAGCGTCATC	9.119055	-21.218272	0	T:26.0(2.81%),B:295.5(0.63%),P:1e-9	Tpos:88.4,Tstd:42.1,Bpos:74.0,Bstd:47.2,StrandBias:-0.2,Multiplicity:1.04
0.001	0.997	0.001	0.001
0.848	0.089	0.062	0.001
0.106	0.001	0.817	0.076
0.001	0.850	0.001	0.148
0.001	0.001	0.947	0.051
0.037	0.059	0.043	0.861
0.001	0.916	0.001	0.082
0.958	0.001	0.040	0.001
0.044	0.001	0.035	0.920
0.001	0.997	0.001	0.001
>CGATTCCAAT	17-CGATTCCAAT	6.978138	-20.719272	0	T:101.0(10.91%),B:2694.4(5.75%),P:1e-8	Tpos:78.5,Tstd:39.3,Bpos:73.9,Bstd:48.3,StrandBias:-0.3,Multiplicity:1.17
0.048	0.846	0.038	0.068
0.116	0.102	0.681	0.101
0.811	0.069	0.084	0.036
0.038	0.027	0.079	0.856
0.056	0.102	0.059	0.783
0.072	0.800	0.072	0.056
0.008	0.861	0.093	0.038
0.761	0.107	0.057	0.075
0.778	0.104	0.024	0.094
0.051	0.037	0.083	0.829
>GCTATCGATA	18-GCTATCGATA	8.873732	-18.681643	0	T:36.0(3.89%),B:595.2(1.27%),P:1e-8	Tpos:73.8,Tstd:37.1,Bpos:62.1,Bstd:44.0,StrandBias:0.6,Multiplicity:1.09
0.091	0.124	0.641	0.144
0.001	0.682	0.148	0.169
0.009	0.001	0.090	0.900
0.743	0.123	0.034	0.100
0.001	0.001	0.001	0.997
0.001	0.997	0.001	0.001
0.031	0.001	0.967	0.001
0.928	0.039	0.032	0.001
0.045	0.181	0.001	0.773
0.607	0.080	0.215	0.098
>TATATATACA	19-TATATATACA	6.378114	-18.268390	0	T:253.0(27.32%),B:9212.1(19.67%),P:1e-7	Tpos:73.3,Tstd:42.3,Bpos:74.9,Bstd:55.0,StrandBias:-0.1,Multiplicity:1.38
0.068	0.126	0.046	0.760
0.823	0.077	0.044	0.056
0.097	0.044	0.060	0.799
0.850	0.060	0.050	0.040
0.061	0.049	0.055	0.835
0.825	0.030	0.070	0.075
0.102	0.070	0.061	0.767
0.780	0.029	0.133	0.058
0.072	0.779	0.073	0.076
0.786	0.075	0.068	0.071
>ACGTACGTAA	20-ACGTACGTAA	9.926110	-13.657674	0	T:13.0(1.40%),B:119.9(0.26%),P:1e-5	Tpos:91.2,Tstd:31.7,Bpos:76.9,Bstd:55.2,StrandBias:-0.4,Multiplicity:1.00
0.894	0.001	0.104	0.001
0.001	0.939	0.001	0.059
0.086	0.001	0.912	0.001
0.001	0.094	0.001	0.904
0.997	0.001	0.001	0.001
0.001	0.997	0.001	0.001
0.066	0.001	0.932	0.001
0.051	0.001	0.001	0.947
0.880	0.001	0.118	0.001
0.678	0.320	0.001	0.001
>CACTGTGGCC	21-CACTGTGGCC	10.296193	-13.396410	0	T:4.0(0.43%),B:4.6(0.01%),P:1e-5	Tpos:94.8,Tstd:39.0,Bpos:95.6,Bstd:4.3,StrandBias:1.6,Multiplicity:1.00
0.100	0.700	0.100	0.100
0.700	0.100	0.100	0.100
0.100	0.700	0.100	0.100
0.100	0.100	0.100	0.700
0.100	0.100	0.700	0.100
0.100	0.100	0.100	0.700
0.100	0.100	0.700	0.100
0.100	0.100	0.700	0.100
0.100	0.700	0.100	0.100
0.100	0.700	0.100	0.100
>TCTCACTCAC	22-TCTCACTCAC	7.524320	-8.632184	0	T:36.0(3.89%),B:938.4(2.00%),P:1e-3	Tpos:80.2,Tstd:39.5,Bpos:76.9,Bstd:50.4,StrandBias:-0.5,Multiplicity:1.04
0.066	0.125	0.061	0.748
0.060	0.839	0.036	0.065
0.099	0.078	0.112	0.711
0.122	0.770	0.057	0.051
0.793	0.106	0.100	0.001
0.091	0.819	0.030	0.060
0.064	0.057	0.048	0.831
0.138	0.753	0.031	0.078
0.926	0.021	0.001	0.052
0.094	0.845	0.025	0.036
>CCCCCCCCCC	23-CCCCCCCCCC	7.032429	-8.467535	0	T:32.0(3.46%),B:803.8(1.72%),P:1e-3	Tpos:77.9,Tstd:48.2,Bpos:75.2,Bstd:45.3,StrandBias:0.3,Multiplicity:1.06
0.067	0.794	0.091	0.048
0.027	0.872	0.035	0.066
0.012	0.844	0.069	0.075
0.057	0.854	0.046	0.043
0.053	0.770	0.054	0.123
0.083	0.737	0.056	0.124
0.067	0.746	0.100	0.087
0.064	0.774	0.067	0.095
0.012	0.831	0.055	0.102
0.028	0.786	0.092	0.094
>TCTCTCTCGC	24-TCTCTCTCGC	5.321769	-8.363450	0	T:189.0(20.41%),B:7498.4(16.01%),P:1e-3	Tpos:83.6,Tstd:41.8,Bpos:77.0,Bstd:50.3,StrandBias:-0.5,Multiplicity:1.15
0.142	0.089	0.120	0.649
0.004	0.851	0.022	0.123
0.130	0.096	0.140	0.634
0.088	0.604	0.145	0.163
0.115	0.084	0.181	0.620
0.080	0.692	0.104	0.124
0.120	0.112	0.153	0.615
0.080	0.641	0.146	0.133
0.086	0.001	0.912	0.001
0.139	0.721	0.010	0.130
>TCTCTCTCTA	25-TCTCTCTCTA	8.620833	-4.049634	0	T:12.0(1.30%),B:298.1(0.64%),P:1e-1	Tpos:33.0,Tstd:14.0,Bpos:60.5,Bstd:31.6,StrandBias:0.0,Multiplicity:1.00
0.077	0.001	0.102	0.820
0.077	0.781	0.038	0.104
0.133	0.051	0.192	0.624
0.083	0.794	0.077	0.046
0.128	0.035	0.001	0.836
0.050	0.875	0.001	0.074
0.113	0.113	0.001	0.773
0.231	0.659	0.109	0.001
0.086	0.077	0.001	0.836
0.997	0.001	0.001	0.001
>TRATTTGCATWT	1-TRATTTGCATWT	7.676505	-82.923913	0	T:220.0(23.76%),B:4473.0(9.55%),P:1e-36	Tpos:73.4,Tstd:38.1,Bpos:74.8,Bstd:49.6,StrandBias:0.1,Multiplicity:1.26
0.057	0.175	0.282	0.486
0.243	0.222	0.373	0.161
0.802	0.104	0.001	0.093
0.126	0.001	0.001	0.872
0.023	0.001	0.046	0.930
0.001	0.001	0.001	0.997
0.009	0.036	0.954	0.001
0.146	0.754	0.079	0.021
0.976	0.001	0.022	0.001
0.160	0.001	0.001	0.838
0.371	0.001	0.181	0.446
0.076	0.200	0.203	0.521
>NYNDVTGAVTCA	2-NYNDVTGAVTCA	7.199765	-82.678185	0	T:155.0(16.74%),B:2468.2(5.27%),P:1e-35	Tpos:70.5,Tstd:39.8,Bpos:72.3,Bstd:47.9,StrandBias:-0.1,Multiplicity:1.10
0.270	0.236	0.306	0.188
0.145	0.281	0.181	0.393
0.277	0.181	0.247	0.294
0.347	0.163	0.279	0.211
0.375	0.244	0.335	0.045
0.001	0.001	0.001	0.997
0.009	0.018	0.750	0.223
0.990	0.001	0.001	0.008
0.279	0.263	0.319	0.139
0.001	0.001	0.001	0.997
0.217	0.635	0.147	0.001
0.997	0.001	0.001	0.001
>TGAACTTTGAAC	3-TGAACTTTGAAC	7.652641	-55.728059	0	T:123.0(13.28%),B:2179.4(4.65%),P:1e-24	Tpos:78.6,Tstd:39.4,Bpos:75.3,Bstd:48.0,StrandBias:-0.1,Multiplicity:1.06
0.085	0.184	0.076	0.655
0.148	0.001	0.698	0.153
0.427	0.218	0.092	0.263
0.901	0.015	0.076	0.008
0.118	0.720	0.055	0.107
0.150	0.017	0.001	0.832
0.001	0.024	0.001	0.974
0.001	0.039	0.060	0.900
0.152	0.001	0.758	0.089
0.412	0.236	0.198	0.154
0.635	0.235	0.001	0.129
0.062	0.590	0.035	0.313
>GTATGCTAATTA	4-GTATGCTAATTA	9.754782	-45.385846	0	T:46.0(4.97%),B:410.6(0.88%),P:1e-19	Tpos:84.0,Tstd:36.7,Bpos:75.4,Bstd:51.0,StrandBias:0.4,Multiplicity:1.00
0.254	0.099	0.538	0.109
0.250	0.148	0.038	0.564
0.634	0.077	0.141	0.148
0.001	0.001	0.037	0.961
0.031	0.001	0.936	0.032
0.001	0.922	0.039	0.038
0.001	0.001	0.001	0.997
0.885	0.038	0.076	0.001
0.974	0.001	0.001	0.024
0.161	0.001	0.001	0.837
0.001	0.001	0.077	0.921
0.618	0.038	0.077	0.267
>ATTTAAAATKCA	5-ATTTAAAATKCA	10.220455	-43.934555	0	T:42.0(4.54%),B:350.2(0.75%),P:1e-19	Tpos:70.3,Tstd:45.3,Bpos:72.7,Bstd:50.9,StrandBias:0.0,Multiplicity:1.00
0.725	0.056	0.016	0.203
0.232	0.021	0.159	0.588
0.089	0.032	0.037	0.842
0.266	0.084	0.021	0.629
0.752	0.040	0.071	0.137
0.545	0.362	0.030	0.063
0.870	0.060	0.011	0.059
0.598	0.042	0.055	0.305
0.098	0.017	0.026	0.859
0.051	0.028	0.501	0.420
0.219	0.469	0.182	0.130
0.853	0.047	0.065	0.035
>GAACCGAACCGA	6-GAACCGAACCGA	7.624111	-33.149111	0	T:69.0(7.45%),B:1176.0(2.51%),P:1e-14	Tpos:78.8,Tstd:37.8,Bpos:75.3,Bstd:48.2,StrandBias:0.3,Multiplicity:1.11
0.077	0.072	0.760	0.091
0.819	0.109	0.036	0.036
0.730	0.036	0.091	0.143
0.091	0.677	0.108	0.124
0.036	0.656	0.109	0.199
0.042	0.055	0.849	0.054
0.820	0.090	0.054	0.036
0.837	0.001	0.126	0.036
0.054	0.731	0.109	0.106
0.162	0.567	0.090	0.181
0.042	0.145	0.741	0.072
0.818	0.037	0.055	0.090
>ATCGAATCGCAA	7-ATCGAATCGCAA	14.083041	-32.132463	0	T:9.0(0.97%),B:6.5(0.01%),P:1e-13	Tpos:47.2,Tstd:20.1,Bpos:100.1,Bstd:39.3,StrandBias:1.0,Multiplicity:1.00
0.832	0.166	0.001	0.001
0.001	0.001	0.001	0.997
0.001	0.832	0.001	0.166
0.001	0.001	0.832	0.166
0.997	0.001	0.001	0.001
0.997	0.001	0.001	0.001
0.001	0.001	0.001	0.997
0.166	0.832	0.001	0.001
0.001	0.001	0.997	0.001
0.001	0.997	0.001	0.001
0.832	0.001	0.166	0.001
0.997	0.001	0.001	0.001
>AGAGAGAGAGAG	8-AGAGAGAGAGAG	6.288685	-31.580739	0	T:130.0(14.04%),B:3229.9(6.90%),P:1e-13	Tpos:77.1,Tstd:36.6,Bpos:76.5,Bstd:50.8,StrandBias:-0.3,Multiplicity:1.28
0.707	0.085	0.106	0.102
0.119	0.078	0.741	0.062
0.701	0.116	0.086	0.097
0.094	0.026	0.841	0.039
0.812	0.075	0.055	0.058
0.146	0.050	0.782	0.022
0.669	0.166	0.086	0.079
0.051	0.150	0.759	0.040
0.502	0.108	0.265	0.125
0.103	0.085	0.726	0.086
0.660	0.073	0.185	0.082
0.220	0.127	0.615	0.038
>TTACGTACGCGG	9-TTACGTACGCGG	9.533366	-28.584312	0	T:18.0(1.94%),B:86.5(0.18%),P:1e-12	Tpos:74.6,Tstd:43.2,Bpos:79.3,Bstd:55.3,StrandBias:0.0,Multiplicity:1.00
0.001	0.001	0.001	0.997
0.001	0.001	0.001	0.997
0.875	0.001	0.052	0.072
0.072	0.815	0.001	0.112
0.060	0.072	0.796	0.072
0.145	0.072	0.001	0.782
0.710	0.072	0.217	0.001
0.145	0.711	0.072	0.072
0.071	0.001	0.927	0.001
0.072	0.849	0.001	0.078
0.001	0.217	0.710	0.072
0.072	0.072	0.850	0.006
>TCTACGCATACA	10-TCTACGCATACA	11.602560	-26.880774	0	T:16.0(1.73%),B:70.6(0.15%),P:1e-11	Tpos:72.7,Tstd:39.8,Bpos:77.1,Bstd:44.8,StrandBias:0.6,Multiplicity:1.00
0.001	0.001	0.001	0.997
0.001	0.867	0.131	0.001
0.131	0.001	0.001	0.867
0.590	0.001	0.277	0.132
0.001	0.867	0.001	0.131
0.172	0.001	0.826	0.001
0.001	0.648	0.001	0.350
0.727	0.001	0.132	0.140
0.001	0.229	0.001	0.769
0.997	0.001	0.001	0.001
0.001	0.997	0.001	0.001
0.997	0.001	0.001	0.001
>GTAAATTCCGCA	11-GTAAATTCCGCA	14.042917	-26.011461	0	T:6.0(0.65%),B:2.3(0.00%),P:1e-11	Tpos:50.2,Tstd:25.8,Bpos:70.0,Bstd:0.0,StrandBias:1.0,Multiplicity:1.00
0.001	0.001	0.997	0.001
0.166	0.001	0.001	0.832
0.997	0.001	0.001	0.001
0.997	0.001	0.001	0.001
0.997	0.001	0.001	0.001
0.001	0.001	0.001	0.997
0.001	0.001	0.166	0.832
0.001	0.997	0.001	0.001
0.001	0.997	0.001	0.001
0.001	0.166	0.667	0.166
0.001	0.997	0.001	0.001
0.832	0.001	0.001	0.166
>TATGTATCGATA	12-TATGTATCGATA	9.015956	-24.455736	0	T:53.0(5.72%),B:935.4(2.00%),P:1e-10	Tpos:78.4,Tstd:37.1,Bpos:70.0,Bstd:53.0,StrandBias:0.4,Multiplicity:1.08
0.148	0.077	0.207	0.568
0.687	0.001	0.107	0.205
0.074	0.001	0.245	0.680
0.104	0.038	0.695	0.163
0.001	0.089	0.001	0.909
0.909	0.045	0.045	0.001
0.001	0.001	0.001	0.997
0.059	0.893	0.047	0.001
0.001	0.097	0.766	0.136
0.997	0.001	0.001	0.001
0.037	0.001	0.090	0.872
0.815	0.001	0.045	0.139
>CGAGCGGAGAGC	13-CGAGCGGAGAGC	14.102999	-23.480897	0	T:9.0(0.97%),B:16.3(0.03%),P:1e-10	Tpos:78.2,Tstd:37.5,Bpos:60.3,Bstd:44.0,StrandBias:0.0,Multiplicity:1.00
0.174	0.651	0.001	0.174
0.001	0.001	0.997	0.001
0.997	0.001	0.001	0.001
0.001	0.001	0.824	0.174
0.001	0.997	0.001	0.001
0.001	0.001	0.824	0.174
0.001	0.001	0.997	0.001
0.872	0.126	0.001	0.001
0.001	0.001	0.997	0.001
0.997	0.001	0.001	0.001
0.001	0.001	0.997	0.001
0.001	0.997	0.001	0.001
>AAAGTCAAAGTC	14-AAAGTCAAAGTC	12.230336	-22.521924	0	T:12.0(1.30%),B:44.3(0.09%),P:1e-9	Tpos:79.9,Tstd:40.0,Bpos:65.8,Bstd:44.2,StrandBias:0.6,Multiplicity:1.11
0.907	0.001	0.091	0.001
0.997	0.001	0.001	0.001
0.997	0.001	0.001	0.001
0.203	0.001	0.795	0.001
0.001	0.092	0.127	0.780
0.104	0.894	0.001	0.001
0.872	0.001	0.126	0.001
0.997	0.001	0.001	0.001
0.872	0.001	0.001	0.126
0.001	0.001	0.997	0.001
0.001	0.001	0.001	0.997
0.092	0.780	0.001	0.127
>CACACTGAAACT	15-CACACTGAAACT	12.276386	-21.230169	0	T:10.0(1.08%),B:29.3(0.06%),P:1e-9	Tpos:49.3,Tstd:25.7,Bpos:76.5,Bstd:34.7,StrandBias:0.6,Multiplicity:1.00
0.001	0.997	0.001	0.001
0.997	0.001	0.001	0.001
0.341	0.657	0.001	0.001
0.997	0.001	0.001	0.001
0.171	0.827	0.001	0.001
0.001	0.001	0.001	0.997
0.001	0.001	0.997	0.001
0.997	0.001	0.001	0.001
0.827	0.001	0.001	0.171
0.997	0.001	0.001	0.001
0.001	0.997	0.001	0.001
0.141	0.001	0.001	0.857
>WATGASCTKTWG	16-WATGASCTKTWG	8.422130	-20.212083	0	T:42.0(4.54%),B:727.2(1.55%),P:1e-8	Tpos:79.3,Tstd:34.5,Bpos:75.6,Bstd:45.2,StrandBias:0.8,Multiplicity:1.03
0.432	0.001	0.075	0.493
0.730	0.212	0.057	0.001
0.294	0.001	0.001	0.704
0.002	0.283	0.714	0.001
0.922	0.001	0.076	0.001
0.001	0.558	0.440	0.001
0.001	0.784	0.077	0.138
0.001	0.001	0.001	0.997
0.001	0.002	0.458	0.539
0.001	0.076	0.075	0.848
0.369	0.129	0.001	0.501
0.001	0.348	0.576	0.075
>YHGCTSDCTCGC	17-YHGCTSDCTCGC	7.317623	-20.197268	0	T:84.0(9.07%),B:2101.7(4.49%),P:1e-8	Tpos:75.0,Tstd:38.3,Bpos:73.3,Bstd:50.7,StrandBias:-0.7,Multiplicity:1.02
0.001	0.560	0.001	0.438
0.306	0.288	0.117	0.289
0.065	0.001	0.933	0.001
0.001	0.852	0.001	0.146
0.226	0.001	0.001	0.772
0.001	0.557	0.441	0.001
0.348	0.001	0.262	0.389
0.124	0.621	0.010	0.245
0.253	0.101	0.148	0.499
0.145	0.552	0.302	0.001
0.274	0.001	0.443	0.282
0.279	0.594	0.126	0.001
>CCAAAGGTCTAT	18-CCAAAGGTCTAT	11.749288	-18.798066	0	T:8.0(0.86%),B:19.5(0.04%),P:1e-8	Tpos:95.4,Tstd:38.3,Bpos:82.1,Bstd:32.6,StrandBias:0.7,Multiplicity:1.00
0.001	0.997	0.001	0.001
0.001	0.858	0.001	0.140
0.997	0.001	0.001	0.001
0.997	0.001	0.001	0.001
0.997	0.001	0.001	0.001
0.001	0.141	0.576	0.282
0.398	0.001	0.600	0.001
0.001	0.140	0.001	0.858
0.007	0.868	0.001	0.124
0.141	0.007	0.141	0.711
0.858	0.140	0.001	0.001
0.148	0.141	0.001	0.710
>GCGTGCGGCTCA	19-GCGTGCGGCTCA	14.042917	-18.578940	0	T:6.0(0.65%),B:7.4(0.02%),P:1e-8	Tpos:51.7,Tstd:19.0,Bpos:84.7,Bstd:21.0,StrandBias:1.0,Multiplicity:1.00
0.001	0.166	0.832	0.001
0.166	0.667	0.001	0.166
0.001	0.001	0.997	0.001
0.001	0.001	0.001	0.997
0.001	0.001	0.997	0.001
0.001	0.997	0.001	0.001
0.001	0.166	0.832	0.001
0.001	0.001	0.997	0.001
0.001	0.997	0.001	0.001
0.001	0.001	0.001	0.997
0.001	0.832	0.001	0.166
0.997	0.001	0.001	0.001
>CRTCGTCATCGT	20-CRTCGTCATCGT	11.866242	-17.806110	0	T:11.0(1.19%),B:54.8(0.12%),P:1e-7	Tpos:100.7,Tstd:34.5,Bpos:81.4,Bstd:43.4,StrandBias:0.8,Multiplicity:1.27
0.001	0.873	0.001	0.125
0.487	0.126	0.386	0.001
0.001	0.001	0.384	0.614
0.001	0.997	0.001	0.001
0.004	0.001	0.994	0.001
0.001	0.125	0.001	0.873
0.126	0.622	0.126	0.126
0.997	0.001	0.001	0.001
0.001	0.001	0.149	0.849
0.001	0.997	0.001	0.001
0.001	0.125	0.873	0.001
0.001	0.082	0.001	0.916
>GTCTTCCGGTCA	21-GTCTTCCGGTCA	9.885200	-17.549991	0	T:5.0(0.54%),B:5.0(0.01%),P:1e-7	Tpos:59.3,Tstd:34.8,Bpos:97.7,Bstd:19.3,StrandBias:1.0,Multiplicity:1.20
0.001	0.001	0.997	0.001
0.001	0.001	0.001	0.997
0.001	0.958	0.001	0.040
0.001	0.201	0.001	0.797
0.001	0.001	0.040	0.958
0.001	0.997	0.001	0.001
0.001	0.958	0.040	0.001
0.040	0.001	0.797	0.162
0.001	0.001	0.997	0.001
0.001	0.001	0.001	0.997
0.001	0.997	0.001	0.001
0.997	0.001	0.001	0.001
>TCTCTCTCTCTC	22-TCTCTCTCTCTC	7.734713	-17.452180	0	T:69.0(7.45%),B:1695.9(3.62%),P:1e-7	Tpos:73.4,Tstd:36.9,Bpos:76.1,Bstd:48.8,StrandBias:-0.8,Multiplicity:1.00
0.119	0.025	0.049	0.807
0.072	0.739	0.082	0.107
0.024	0.001	0.073	0.902
0.094	0.606	0.171	0.129
0.031	0.001	0.073	0.895
0.153	0.586	0.076	0.185
0.049	0.069	0.129	0.753
0.049	0.731	0.122	0.098
0.147	0.074	0.147	0.632
0.010	0.665	0.120	0.205
0.197	0.025	0.025	0.753
0.020	0.931	0.048	0.001
>GAGAGGGAGAGA	23-GAGAGGGAGAGA	7.477597	-8.147533	0	T:44.0(4.75%),B:1263.0(2.70%),P:1e-3	Tpos:81.0,Tstd:43.2,Bpos:76.4,Bstd:42.1,StrandBias:0.3,Multiplicity:1.00
0.067	0.070	0.837	0.026
0.639	0.129	0.103	0.129
0.106	0.051	0.740	0.103
0.673	0.122	0.051	0.154
0.103	0.107	0.636	0.154
0.001	0.032	0.916	0.051
0.077	0.147	0.750	0.026
0.716	0.071	0.103	0.110
0.161	0.001	0.813	0.025
0.847	0.051	0.051	0.051
0.106	0.144	0.673	0.077
0.769	0.077	0.103	0.051
>GGGGGGGGGGGG	24-GGGGGGGGGGGG	11.867924	-4.968062	0	T:7.0(0.76%),B:110.7(0.24%),P:1e-2	Tpos:87.6,Tstd:52.7,Bpos:78.7,Bstd:42.5,StrandBias:0.2,Multiplicity:1.00
0.187	0.078	0.688	0.047
0.153	0.001	0.845	0.001
0.070	0.001	0.882	0.047
0.039	0.001	0.913	0.047
0.094	0.001	0.810	0.095
0.141	0.001	0.776	0.082
0.047	0.001	0.918	0.034
0.001	0.001	0.997	0.001
0.001	0.001	0.951	0.047
0.095	0.081	0.823	0.001
0.094	0.026	0.757	0.123
0.196	0.123	0.650	0.031
>TTTTTTTTTTTT	25-TTTTTTTTTTTT	9.957878	-4.330796	0	T:42.0(4.54%),B:1473.3(3.15%),P:1e-1	Tpos:74.1,Tstd:45.8,Bpos:75.9,Bstd:42.7,StrandBias:0.3,Multiplicity:1.05
0.022	0.148	0.227	0.603
0.001	0.122	0.232	0.645
0.003	0.042	0.266	0.689
0.144	0.041	0.170	0.645
0.147	0.016	0.051	0.786
0.138	0.039	0.071	0.752
0.169	0.017	0.047	0.767
0.188	0.131	0.053	0.628
0.173	0.117	0.032	0.678
0.224	0.007	0.034	0.735
0.133	0.030	0.162	0.675
0.202	0.153	0.023	0.622
>ATGCAAAT	1-ATGCAAAT	6.958596	-70.710753	0	T:312.0(33.69%),B:8313.7(17.75%),P:1e-30	Tpos:76.7,Tstd:39.4,Bpos:74.7,Bstd:50.3,StrandBias:0.1,Multiplicity:1.32
0.907	0.001	0.038	0.054
0.034	0.001	0.029	0.936
0.038	0.017	0.873	0.072
0.001	0.908	0.057	0.034
0.894	0.001	0.001	0.104
0.938	0.001	0.001	0.060
0.997	0.001	0.001	0.001
0.040	0.018	0.021	0.921
>TGACTCAT	2-TGACTCAT	5.938714	-55.789220	0	T:138.0(14.90%),B:2635.8(5.63%),P:1e-24	Tpos:73.7,Tstd:42.0,Bpos:72.6,Bstd:48.3,StrandBias:0.1,Multiplicity:1.07
0.001	0.001	0.001	0.997
0.001	0.001	0.950	0.048
0.997	0.001	0.001	0.001
0.094	0.640	0.218	0.048
0.001	0.001	0.001	0.997
0.061	0.916	0.022	0.001
0.997	0.001	0.001	0.001
0.036	0.158	0.073	0.733
>GCCGATCG	3-GCCGATCG	5.738346	-37.308438	0	T:170.0(18.36%),B:4429.5(9.46%),P:1e-16	Tpos:71.8,Tstd:39.1,Bpos:73.9,Bstd:49.5,StrandBias:0.0,Multiplicity:1.14
0.235	0.118	0.467	0.180
0.166	0.671	0.064	0.099
0.001	0.830	0.135	0.034
0.056	0.063	0.828	0.053
0.793	0.170	0.001	0.036
0.088	0.086	0.063	0.763
0.001	0.878	0.069	0.052
0.112	0.106	0.781	0.001
>CAAAGTCC	4-CAAAGTCC	7.045226	-36.858702	0	T:117.0(12.63%),B:2564.4(5.48%),P:1e-16	Tpos:75.8,Tstd:41.1,Bpos:77.2,Bstd:47.5,StrandBias:0.0,Multiplicity:1.05
0.001	0.988	0.001	0.010
0.928	0.049	0.017	0.006
0.997	0.001	0.001	0.001
0.982	0.001	0.001	0.016
0.001	0.001	0.997	0.001
0.014	0.001	0.085	0.900
0.162	0.512	0.168	0.158
0.063	0.804	0.054	0.079
>CATTCAWT	5-CATTCAWT	5.325307	-29.492178	0	T:386.0(41.68%),B:14195.1(30.31%),P:1e-12	Tpos:72.7,Tstd:43.2,Bpos:74.3,Bstd:49.4,StrandBias:0.1,Multiplicity:1.35
0.197	0.640	0.067	0.096
0.765	0.107	0.053	0.075
0.044	0.043	0.081	0.832
0.113	0.001	0.209	0.677
0.001	0.570	0.279	0.150
0.720	0.073	0.156	0.051
0.342	0.108	0.178	0.372
0.081	0.001	0.001	0.917
>CTCTCTCT	6-CTCTCTCT	4.995982	-27.548366	0	T:222.0(23.97%),B:7074.1(15.10%),P:1e-11	Tpos:74.3,Tstd:37.5,Bpos:74.5,Bstd:51.2,StrandBias:0.2,Multiplicity:1.48
0.014	0.759	0.129	0.098
0.096	0.111	0.127	0.666
0.060	0.780	0.100	0.060
0.074	0.053	0.075	0.798
0.045	0.848	0.063	0.044
0.124	0.096	0.090	0.690
0.063	0.776	0.054	0.107
0.086	0.149	0.078	0.687
>CAAAGTGC	7-CAAAGTGC	5.334698	-27.470513	0	T:431.0(46.54%),B:16521.3(35.27%),P:1e-11	Tpos:75.3,Tstd:41.1,Bpos:74.4,Bstd:49.4,StrandBias:0.3,Multiplicity:1.26
0.139	0.626	0.071	0.164
0.878	0.001	0.013	0.108
0.783	0.120	0.079	0.018
0.898	0.002	0.057	0.043
0.173	0.074	0.646	0.107
0.190	0.130	0.112	0.568
0.201	0.001	0.626	0.172
0.002	0.979	0.001	0.018
>TCAGGTGT	8-TCAGGTGT	7.237012	-22.444244	0	T:64.0(6.91%),B:1332.8(2.85%),P:1e-9	Tpos:74.7,Tstd:40.1,Bpos:73.5,Bstd:45.2,StrandBias:0.5,Multiplicity:1.02
0.091	0.001	0.039	0.869
0.015	0.961	0.001	0.023
0.949	0.001	0.049	0.001
0.001	0.001	0.997	0.001
0.001	0.230	0.495	0.274
0.001	0.001	0.086	0.912
0.001	0.018	0.959	0.022
0.001	0.062	0.067	0.870
>ACCTTAGC	9-ACCTTAGC	6.757608	-20.514883	0	T:65.0(7.02%),B:1433.8(3.06%),P:1e-8	Tpos:63.4,Tstd:37.2,Bpos:74.4,Bstd:46.4,StrandBias:0.1,Multiplicity:1.02
0.997	0.001	0.001	0.001
0.083	0.830	0.086	0.001
0.001	0.893	0.001	0.105
0.030	0.001	0.001	0.968
0.001	0.001	0.109	0.889
0.659	0.154	0.149	0.038
0.001	0.092	0.906	0.001
0.148	0.850	0.001	0.001
>GYATATAT	10-GYATATAT	8.052392	-19.187670	0	T:113.0(12.20%),B:3234.7(6.91%),P:1e-8	Tpos:76.6,Tstd:42.2,Bpos:72.8,Bstd:55.3,StrandBias:-0.2,Multiplicity:1.11
0.001	0.304	0.694	0.001
0.080	0.392	0.001	0.527
0.914	0.001	0.001	0.084
0.001	0.001	0.001	0.997
0.997	0.001	0.001	0.001
0.001	0.397	0.001	0.601
0.997	0.001	0.001	0.001
0.094	0.073	0.001	0.832
>DACGTCAA	11-DACGTCAA	6.416083	-19.165115	0	T:124.0(13.39%),B:3664.8(7.82%),P:1e-8	Tpos:85.6,Tstd:40.3,Bpos:74.3,Bstd:52.6,StrandBias:0.8,Multiplicity:1.12
0.245	0.155	0.340	0.261
0.997	0.001	0.001	0.001
0.001	0.953	0.045	0.001
0.001	0.001	0.886	0.112
0.113	0.064	0.216	0.607
0.280	0.633	0.001	0.086
0.754	0.001	0.244	0.001
0.715	0.115	0.169	0.001
>YCGAACCS	12-YCGAACCS	6.588322	-18.033768	0	T:114.0(12.31%),B:3344.1(7.14%),P:1e-7	Tpos:72.1,Tstd:41.9,Bpos:76.4,Bstd:50.7,StrandBias:0.5,Multiplicity:1.20
0.001	0.453	0.149	0.398
0.001	0.997	0.001	0.001
0.001	0.201	0.797	0.001
0.747	0.210	0.001	0.042
0.997	0.001	0.001	0.001
0.001	0.642	0.356	0.001
0.001	0.997	0.001	0.001
0.001	0.462	0.423	0.114
>TACGTATG	13-TACGTATG	4.103759	-13.658466	0	T:41.0(4.43%),B:896.4(1.91%),P:1e-5	Tpos:84.3,Tstd:35.0,Bpos:75.9,Bstd:55.7,StrandBias:-0.2,Multiplicity:1.07
0.001	0.001	0.001	0.997
0.997	0.001	0.001	0.001
0.001	0.997	0.001	0.001
0.001	0.001	0.997	0.001
0.001	0.001	0.001	0.997
0.941	0.001	0.057	0.001
0.001	0.248	0.001	0.750
0.001	0.001	0.997	0.001
>TTATCGAT	14-TTATCGAT	9.596426	-13.447081	0	T:37.0(4.00%),B:774.1(1.65%),P:1e-5	Tpos:80.9,Tstd:40.3,Bpos:64.6,Bstd:47.1,StrandBias:0.2,Multiplicity:1.09
0.001	0.138	0.274	0.587
0.083	0.001	0.001	0.915
0.997	0.001	0.001	0.001
0.001	0.001	0.001	0.997
0.001	0.997	0.001	0.001
0.001	0.001	0.997	0.001
0.960	0.001	0.038	0.001
0.001	0.054	0.001	0.944
>CCCCCCCT	15-CCCCCCCT	6.872219	-9.845845	0	T:45.0(4.86%),B:1203.9(2.57%),P:1e-4	Tpos:76.7,Tstd:48.2,Bpos:74.3,Bstd:44.6,StrandBias:0.9,Multiplicity:1.02
0.326	0.626	0.045	0.003
0.001	0.997	0.001	0.001
0.001	0.997	0.001	0.001
0.001	0.706	0.171	0.122
0.001	0.997	0.001	0.001
0.001	0.882	0.091	0.026
0.001	0.600	0.028	0.371
0.011	0.209	0.122	0.658
