>CATTTGCATA	1-CATTTGCATA	6.063152	-92.759999	0	T:210.0(22.68%),B:3869.8(8.26%),P:1e-40	Tpos:73.2,Tstd:38.1,Bpos:74.4,Bstd:50.2,StrandBias:-0.2,Multiplicity:1.20
0.117	0.825	0.051	0.007
0.997	0.001	0.001	0.001
0.001	0.001	0.001	0.997
0.011	0.001	0.001	0.987
0.016	0.001	0.001	0.982
0.001	0.023	0.975	0.001
0.047	0.929	0.001	0.023
0.997	0.001	0.001	0.001
0.055	0.033	0.001	0.911
0.576	0.024	0.278	0.122
>TGANTCATTS	2-TGANTCATTS	6.604021	-61.587554	0	T:171.0(18.47%),B:3518.5(7.51%),P:1e-26	Tpos:75.4,Tstd:41.5,Bpos:74.4,Bstd:48.1,StrandBias:-0.0,Multiplicity:1.12
0.001	0.001	0.001	0.997
0.009	0.139	0.670	0.182
0.997	0.001	0.001	0.001
0.224	0.240	0.266	0.271
0.016	0.020	0.082	0.882
0.120	0.738	0.123	0.019
0.985	0.001	0.013	0.001
0.138	0.243	0.105	0.514
0.097	0.243	0.142	0.518
0.206	0.371	0.301	0.122
>TCGAACTTTG	3-TCGAACTTTG	6.726095	-58.113852	0	T:136.0(14.69%),B:2508.3(5.36%),P:1e-25	Tpos:72.5,Tstd:38.9,Bpos:74.8,Bstd:47.5,StrandBias:-0.3,Multiplicity:1.07
0.076	0.247	0.087	0.590
0.089	0.627	0.104	0.180
0.025	0.001	0.973	0.001
0.549	0.102	0.121	0.228
0.753	0.135	0.111	0.001
0.001	0.947	0.051	0.001
0.001	0.109	0.062	0.828
0.013	0.045	0.040	0.902
0.137	0.017	0.001	0.845
0.069	0.124	0.744	0.063
>GGTTTGCMTT	4-GGTTTGCMTT	7.298102	-50.176733	0	T:147.0(15.87%),B:3100.0(6.62%),P:1e-21	Tpos:78.9,Tstd:39.4,Bpos:73.6,Bstd:47.1,StrandBias:-0.0,Multiplicity:1.15
0.138	0.186	0.535	0.141
0.181	0.239	0.405	0.175
0.001	0.105	0.001	0.893
0.010	0.001	0.001	0.988
0.001	0.001	0.001	0.997
0.084	0.123	0.659	0.134
0.158	0.486	0.205	0.151
0.484	0.341	0.029	0.146
0.034	0.001	0.209	0.756
0.222	0.091	0.121	0.566
>CATTCANTTG	5-CATTCANTTG	8.004062	-31.404375	0	T:42.0(4.54%),B:505.6(1.08%),P:1e-13	Tpos:74.1,Tstd:41.8,Bpos:74.5,Bstd:49.3,StrandBias:-0.9,Multiplicity:1.03
0.035	0.681	0.256	0.028
0.728	0.045	0.198	0.029
0.057	0.060	0.052	0.831
0.182	0.044	0.129	0.645
0.056	0.693	0.046	0.205
0.598	0.157	0.217	0.028
0.197	0.206	0.251	0.347
0.034	0.066	0.041	0.859
0.240	0.053	0.261	0.447
0.032	0.073	0.741	0.154
>CGGTTCAGTT	6-CGGTTCAGTT	7.330988	-29.028689	0	T:77.0(8.32%),B:1530.9(3.27%),P:1e-12	Tpos:76.9,Tstd:42.5,Bpos:76.1,Bstd:45.8,StrandBias:-0.5,Multiplicity:1.10
0.083	0.778	0.063	0.076
0.091	0.104	0.744	0.061
0.107	0.115	0.669	0.109
0.010	0.063	0.039	0.888
0.024	0.033	0.056	0.887
0.059	0.794	0.077	0.070
0.704	0.069	0.122	0.105
0.065	0.044	0.839	0.052
0.040	0.043	0.043	0.874
0.065	0.036	0.069	0.830
>GAGCCGATCG	7-GAGCCGATCG	7.439792	-28.793248	0	T:54.0(5.83%),B:858.4(1.83%),P:1e-12	Tpos:75.1,Tstd:39.2,Bpos:75.8,Bstd:49.5,StrandBias:-0.3,Multiplicity:1.11
0.085	0.128	0.617	0.170
0.730	0.196	0.030	0.044
0.124	0.088	0.576	0.212
0.030	0.756	0.041	0.173
0.001	0.742	0.185	0.072
0.011	0.001	0.946	0.042
0.961	0.014	0.001	0.024
0.050	0.064	0.183	0.703
0.001	0.887	0.001	0.111
0.001	0.131	0.867	0.001
>CCATTAGACT	8-CCATTAGACT	9.052655	-25.132952	0	T:20.0(2.16%),B:137.1(0.29%),P:1e-10	Tpos:90.0,Tstd:36.9,Bpos:80.4,Bstd:37.2,StrandBias:1.2,Multiplicity:1.00
0.001	0.901	0.097	0.001
0.065	0.933	0.001	0.001
0.997	0.001	0.001	0.001
0.062	0.135	0.001	0.802
0.001	0.001	0.001	0.997
0.747	0.056	0.155	0.042
0.001	0.053	0.834	0.112
0.918	0.001	0.001	0.080
0.055	0.943	0.001	0.001
0.001	0.001	0.001	0.997
>TGACGTCAAT	9-TGACGTCAAT	7.070063	-24.921750	0	T:57.0(6.16%),B:1040.4(2.22%),P:1e-10	Tpos:76.9,Tstd:41.5,Bpos:74.3,Bstd:50.0,StrandBias:0.1,Multiplicity:1.04
0.064	0.098	0.010	0.828
0.105	0.056	0.765	0.074
0.844	0.064	0.049	0.043
0.082	0.778	0.063	0.077
0.053	0.038	0.842	0.067
0.036	0.036	0.051	0.877
0.106	0.796	0.053	0.045
0.841	0.027	0.082	0.050
0.741	0.055	0.090	0.114
0.146	0.054	0.106	0.694
>ATACCAAACG	10-ATACCAAACG	9.049504	-24.709053	0	T:29.0(3.13%),B:312.8(0.67%),P:1e-10	Tpos:81.2,Tstd:40.5,Bpos:71.2,Bstd:47.4,StrandBias:0.4,Multiplicity:1.08
0.967	0.001	0.001	0.031
0.001	0.034	0.001	0.964
0.866	0.037	0.059	0.038
0.035	0.926	0.038	0.001
0.038	0.909	0.001	0.052
0.946	0.001	0.052	0.001
0.734	0.001	0.073	0.192
0.888	0.073	0.001	0.038
0.020	0.866	0.001	0.113
0.001	0.001	0.969	0.029
>AGGTGAGCCG	11-AGGTGAGCCG	6.644781	-23.986353	0	T:77.0(8.32%),B:1702.5(3.64%),P:1e-10	Tpos:66.9,Tstd:36.2,Bpos:74.0,Bstd:47.1,StrandBias:0.0,Multiplicity:1.04
0.806	0.059	0.034	0.101
0.086	0.064	0.789	0.061
0.060	0.058	0.849	0.033
0.032	0.079	0.053	0.836
0.048	0.085	0.787	0.080
0.728	0.062	0.125	0.085
0.065	0.012	0.848	0.075
0.032	0.849	0.069	0.050
0.095	0.728	0.095	0.082
0.064	0.108	0.783	0.045
>AGAGAGAGAG	12-AGAGAGAGAG	4.848788	-23.709577	0	T:184.0(19.87%),B:5772.2(12.32%),P:1e-10	Tpos:74.8,Tstd:37.5,Bpos:75.5,Bstd:50.4,StrandBias:-0.1,Multiplicity:1.29
0.665	0.105	0.123	0.107
0.129	0.107	0.681	0.083
0.717	0.097	0.091	0.095
0.108	0.088	0.711	0.093
0.695	0.119	0.088	0.098
0.089	0.092	0.751	0.068
0.705	0.098	0.094	0.103
0.097	0.113	0.717	0.073
0.677	0.095	0.121	0.107
0.113	0.123	0.681	0.083
>AGCGGAGAGC	13-AGCGGAGAGC	8.574310	-22.598688	0	T:26.0(2.81%),B:276.3(0.59%),P:1e-9	Tpos:80.0,Tstd:37.9,Bpos:71.7,Bstd:53.7,StrandBias:0.0,Multiplicity:1.04
0.911	0.087	0.001	0.001
0.001	0.001	0.997	0.001
0.047	0.951	0.001	0.001
0.052	0.001	0.901	0.046
0.093	0.043	0.783	0.081
0.951	0.047	0.001	0.001
0.053	0.081	0.805	0.061
0.997	0.001	0.001	0.001
0.001	0.001	0.911	0.087
0.001	0.997	0.001	0.001
>YATDTAAKTA	14-YATDTAAKTA	7.063288	-22.245798	0	T:205.0(22.14%),B:6759.4(14.43%),P:1e-9	Tpos:77.3,Tstd:42.7,Bpos:75.4,Bstd:52.6,StrandBias:-0.2,Multiplicity:1.10
0.001	0.471	0.001	0.527
0.997	0.001	0.001	0.001
0.028	0.398	0.001	0.573
0.371	0.033	0.268	0.328
0.001	0.288	0.001	0.710
0.997	0.001	0.001	0.001
0.611	0.021	0.001	0.367
0.114	0.001	0.467	0.417
0.001	0.001	0.001	0.997
0.997	0.001	0.001	0.001
>GCTAHTTAGC	15-GCTAHTTAGC	8.867326	-21.972206	0	T:21.0(2.27%),B:183.8(0.39%),P:1e-9	Tpos:79.4,Tstd:43.3,Bpos:70.2,Bstd:49.0,StrandBias:0.9,Multiplicity:1.00
0.035	0.300	0.596	0.069
0.001	0.969	0.001	0.029
0.002	0.062	0.001	0.935
0.807	0.126	0.001	0.066
0.293	0.376	0.072	0.259
0.001	0.001	0.001	0.997
0.144	0.001	0.001	0.854
0.774	0.001	0.001	0.224
0.036	0.115	0.549	0.300
0.257	0.545	0.121	0.077
>CAGCGTCATC	16-CAGCGTCATC	9.119055	-21.218272	0	T:26.0(2.81%),B:295.5(0.63%),P:1e-9	Tpos:88.4,Tstd:42.1,Bpos:74.0,Bstd:47.2,StrandBias:-0.2,Multiplicity:1.04
0.001	0.997	0.001	0.001
0.848	0.089	0.062	0.001
0.106	0.001	0.817	0.076
0.001	0.850	0.001	0.148
0.001	0.001	0.947	0.051
0.037	0.059	0.043	0.861
0.001	0.916	0.001	0.082
0.958	0.001	0.040	0.001
0.044	0.001	0.035	0.920
0.001	0.997	0.001	0.001
>CGATTCCAAT	17-CGATTCCAAT	6.978138	-20.719272	0	T:101.0(10.91%),B:2694.4(5.75%),P:1e-8	Tpos:78.5,Tstd:39.3,Bpos:73.9,Bstd:48.3,StrandBias:-0.3,Multiplicity:1.17
0.048	0.846	0.038	0.068
0.116	0.102	0.681	0.101
0.811	0.069	0.084	0.036
0.038	0.027	0.079	0.856
0.056	0.102	0.059	0.783
0.072	0.800	0.072	0.056
0.008	0.861	0.093	0.038
0.761	0.107	0.057	0.075
0.778	0.104	0.024	0.094
0.051	0.037	0.083	0.829
>GCTATCGATA	18-GCTATCGATA	8.873732	-18.681643	0	T:36.0(3.89%),B:595.2(1.27%),P:1e-8	Tpos:73.8,Tstd:37.1,Bpos:62.1,Bstd:44.0,StrandBias:0.6,Multiplicity:1.09
0.091	0.124	0.641	0.144
0.001	0.682	0.148	0.169
0.009	0.001	0.090	0.900
0.743	0.123	0.034	0.100
0.001	0.001	0.001	0.997
0.001	0.997	0.001	0.001
0.031	0.001	0.967	0.001
0.928	0.039	0.032	0.001
0.045	0.181	0.001	0.773
0.607	0.080	0.215	0.098
>TATATATACA	19-TATATATACA	6.378114	-18.268390	0	T:253.0(27.32%),B:9212.1(19.67%),P:1e-7	Tpos:73.3,Tstd:42.3,Bpos:74.9,Bstd:55.0,StrandBias:-0.1,Multiplicity:1.38
0.068	0.126	0.046	0.760
0.823	0.077	0.044	0.056
0.097	0.044	0.060	0.799
0.850	0.060	0.050	0.040
0.061	0.049	0.055	0.835
0.825	0.030	0.070	0.075
0.102	0.070	0.061	0.767
0.780	0.029	0.133	0.058
0.072	0.779	0.073	0.076
0.786	0.075	0.068	0.071
>ACGTACGTAA	20-ACGTACGTAA	9.926110	-13.657674	0	T:13.0(1.40%),B:119.9(0.26%),P:1e-5	Tpos:91.2,Tstd:31.7,Bpos:76.9,Bstd:55.2,StrandBias:-0.4,Multiplicity:1.00
0.894	0.001	0.104	0.001
0.001	0.939	0.001	0.059
0.086	0.001	0.912	0.001
0.001	0.094	0.001	0.904
0.997	0.001	0.001	0.001
0.001	0.997	0.001	0.001
0.066	0.001	0.932	0.001
0.051	0.001	0.001	0.947
0.880	0.001	0.118	0.001
0.678	0.320	0.001	0.001
>CACTGTGGCC	21-CACTGTGGCC	10.296193	-13.396410	0	T:4.0(0.43%),B:4.6(0.01%),P:1e-5	Tpos:94.8,Tstd:39.0,Bpos:95.6,Bstd:4.3,StrandBias:1.6,Multiplicity:1.00
0.100	0.700	0.100	0.100
0.700	0.100	0.100	0.100
0.100	0.700	0.100	0.100
0.100	0.100	0.100	0.700
0.100	0.100	0.700	0.100
0.100	0.100	0.100	0.700
0.100	0.100	0.700	0.100
0.100	0.100	0.700	0.100
0.100	0.700	0.100	0.100
0.100	0.700	0.100	0.100
>TCTCACTCAC	22-TCTCACTCAC	7.524320	-8.632184	0	T:36.0(3.89%),B:938.4(2.00%),P:1e-3	Tpos:80.2,Tstd:39.5,Bpos:76.9,Bstd:50.4,StrandBias:-0.5,Multiplicity:1.04
0.066	0.125	0.061	0.748
0.060	0.839	0.036	0.065
0.099	0.078	0.112	0.711
0.122	0.770	0.057	0.051
0.793	0.106	0.100	0.001
0.091	0.819	0.030	0.060
0.064	0.057	0.048	0.831
0.138	0.753	0.031	0.078
0.926	0.021	0.001	0.052
0.094	0.845	0.025	0.036
>CCCCCCCCCC	23-CCCCCCCCCC	7.032429	-8.467535	0	T:32.0(3.46%),B:803.8(1.72%),P:1e-3	Tpos:77.9,Tstd:48.2,Bpos:75.2,Bstd:45.3,StrandBias:0.3,Multiplicity:1.06
0.067	0.794	0.091	0.048
0.027	0.872	0.035	0.066
0.012	0.844	0.069	0.075
0.057	0.854	0.046	0.043
0.053	0.770	0.054	0.123
0.083	0.737	0.056	0.124
0.067	0.746	0.100	0.087
0.064	0.774	0.067	0.095
0.012	0.831	0.055	0.102
0.028	0.786	0.092	0.094
>TCTCTCTCGC	24-TCTCTCTCGC	5.321769	-8.363450	0	T:189.0(20.41%),B:7498.4(16.01%),P:1e-3	Tpos:83.6,Tstd:41.8,Bpos:77.0,Bstd:50.3,StrandBias:-0.5,Multiplicity:1.15
0.142	0.089	0.120	0.649
0.004	0.851	0.022	0.123
0.130	0.096	0.140	0.634
0.088	0.604	0.145	0.163
0.115	0.084	0.181	0.620
0.080	0.692	0.104	0.124
0.120	0.112	0.153	0.615
0.080	0.641	0.146	0.133
0.086	0.001	0.912	0.001
0.139	0.721	0.010	0.130
>TCTCTCTCTA	25-TCTCTCTCTA	8.620833	-4.049634	0	T:12.0(1.30%),B:298.1(0.64%),P:1e-1	Tpos:33.0,Tstd:14.0,Bpos:60.5,Bstd:31.6,StrandBias:0.0,Multiplicity:1.00
0.077	0.001	0.102	0.820
0.077	0.781	0.038	0.104
0.133	0.051	0.192	0.624
0.083	0.794	0.077	0.046
0.128	0.035	0.001	0.836
0.050	0.875	0.001	0.074
0.113	0.113	0.001	0.773
0.231	0.659	0.109	0.001
0.086	0.077	0.001	0.836
0.997	0.001	0.001	0.001
