>CDGCTGATTHGC	12-GCDAATCAGCHG	7.747401	-10.456181	0	T:5.0(33.33%),B:1112.5(2.60%),P:1e-4
0.015	0.704	0.001	0.280
0.296	0.140	0.283	0.281
0.140	0.001	0.579	0.280
0.140	0.579	0.280	0.001
0.001	0.139	0.001	0.859
0.140	0.016	0.704	0.140
0.859	0.001	0.139	0.001
0.001	0.139	0.001	0.859
0.139	0.001	0.001	0.859
0.280	0.298	0.001	0.421
0.001	0.280	0.579	0.140
0.001	0.859	0.001	0.139
