>TGGTGGCGCAGG	18-CCTGCGCCACCA	11.699084	-7.955027	0	T:1.0(6.67%),B:0.5(0.00%),P:1e-3
0.001	0.162	0.001	0.836
0.163	0.163	0.673	0.001
0.001	0.163	0.673	0.163
0.001	0.163	0.163	0.673
0.163	0.001	0.510	0.326
0.001	0.326	0.510	0.163
0.001	0.672	0.326	0.001
0.001	0.162	0.836	0.001
0.163	0.673	0.001	0.163
0.836	0.001	0.001	0.162
0.326	0.163	0.510	0.001
0.001	0.326	0.672	0.001
