>AGAGAGAG	1-AGAGAGAG	5.851930	-265.796690	0	T:786.0(42.28%),B:7962.3(19.10%),P:1e-115	Tpos:74.1,Tstd:39.5,Bpos:74.3,Bstd:72.9,StrandBias:-0.1,Multiplicity:1.84
0.478	0.236	0.072	0.214
0.162	0.038	0.774	0.026
0.727	0.101	0.094	0.078
0.050	0.001	0.892	0.057
0.822	0.096	0.031	0.051
0.012	0.057	0.930	0.001
0.569	0.268	0.095	0.068
0.108	0.068	0.806	0.018
>CTCACTCA	2-CTCACTCA	4.969124	-139.884073	0	T:945.0(50.83%),B:13453.3(32.28%),P:1e-60	Tpos:74.9,Tstd:42.0,Bpos:74.1,Bstd:56.6,StrandBias:0.0,Multiplicity:1.40
0.151	0.607	0.065	0.177
0.133	0.043	0.053	0.771
0.010	0.716	0.185	0.089
0.731	0.017	0.153	0.099
0.043	0.802	0.092	0.063
0.139	0.040	0.033	0.788
0.042	0.904	0.048	0.006
0.685	0.053	0.195	0.067
>CGCTCSCM	3-CGCTCSCM	6.131490	-97.630144	0	T:595.0(32.01%),B:7780.3(18.67%),P:1e-42	Tpos:78.1,Tstd:40.4,Bpos:74.7,Bstd:56.5,StrandBias:-0.0,Multiplicity:1.23
0.001	0.997	0.001	0.001
0.001	0.032	0.705	0.262
0.149	0.657	0.001	0.193
0.001	0.001	0.001	0.997
0.001	0.997	0.001	0.001
0.001	0.469	0.529	0.001
0.001	0.648	0.350	0.001
0.461	0.404	0.064	0.071
>TACATATA	4-TACATATA	4.968871	-77.931731	0	T:1008.0(54.22%),B:16733.2(40.15%),P:1e-33	Tpos:73.5,Tstd:41.9,Bpos:73.9,Bstd:63.1,StrandBias:-0.0,Multiplicity:1.89
0.044	0.245	0.069	0.642
0.865	0.040	0.061	0.034
0.065	0.675	0.058	0.202
0.877	0.041	0.066	0.016
0.144	0.254	0.147	0.455
0.934	0.029	0.001	0.036
0.005	0.251	0.034	0.710
0.848	0.020	0.119	0.013
>ACTGAGAG	5-ACTGAGAG	6.749550	-77.225381	0	T:307.0(16.51%),B:3290.5(7.90%),P:1e-33	Tpos:81.3,Tstd:41.0,Bpos:73.5,Bstd:56.5,StrandBias:-0.5,Multiplicity:1.04
0.917	0.007	0.040	0.036
0.111	0.794	0.001	0.094
0.115	0.045	0.216	0.624
0.009	0.018	0.972	0.001
0.943	0.055	0.001	0.001
0.091	0.001	0.887	0.021
0.969	0.029	0.001	0.001
0.052	0.001	0.927	0.020
>GTTGTTGT	6-GTTGTTGT	7.021274	-51.068817	0	T:394.0(21.19%),B:5405.6(12.97%),P:1e-22	Tpos:72.6,Tstd:40.2,Bpos:76.0,Bstd:55.7,StrandBias:0.1,Multiplicity:1.28
0.055	0.001	0.851	0.093
0.001	0.059	0.001	0.939
0.030	0.021	0.001	0.948
0.037	0.001	0.908	0.054
0.001	0.075	0.045	0.879
0.014	0.026	0.001	0.959
0.060	0.001	0.910	0.029
0.001	0.159	0.045	0.795
>TTCTCTTT	7-TTCTCTTT	7.231635	-42.925841	0	T:204.0(10.97%),B:2338.2(5.61%),P:1e-18	Tpos:75.5,Tstd:39.5,Bpos:75.8,Bstd:58.3,StrandBias:0.0,Multiplicity:1.14
0.122	0.001	0.001	0.876
0.001	0.001	0.107	0.891
0.001	0.997	0.001	0.001
0.001	0.001	0.001	0.997
0.001	0.997	0.001	0.001
0.001	0.001	0.001	0.997
0.001	0.001	0.001	0.997
0.197	0.107	0.065	0.631
>CCCCCCCC	8-CCCCCCCC	5.009465	-40.094129	0	T:284.0(15.28%),B:3765.4(9.03%),P:1e-17	Tpos:79.9,Tstd:41.6,Bpos:73.6,Bstd:50.0,StrandBias:-0.1,Multiplicity:1.23
0.114	0.716	0.070	0.100
0.118	0.736	0.059	0.087
0.068	0.778	0.064	0.090
0.073	0.752	0.062	0.113
0.052	0.787	0.043	0.118
0.070	0.774	0.038	0.118
0.110	0.749	0.073	0.068
0.111	0.711	0.040	0.138
>CTTATCAG	9-CTTATCAG	7.721105	-39.580092	0	T:109.0(5.86%),B:961.7(2.31%),P:1e-17	Tpos:76.5,Tstd:40.1,Bpos:72.6,Bstd:51.3,StrandBias:0.1,Multiplicity:1.10
0.001	0.807	0.191	0.001
0.018	0.001	0.001	0.980
0.025	0.001	0.001	0.973
0.981	0.001	0.017	0.001
0.055	0.001	0.009	0.935
0.001	0.986	0.001	0.012
0.951	0.001	0.029	0.019
0.186	0.080	0.682	0.052
>TATACTCT	10-TATACTCT	7.224332	-33.792263	0	T:134.0(7.21%),B:1422.1(3.41%),P:1e-14	Tpos:69.8,Tstd:45.5,Bpos:74.5,Bstd:58.2,StrandBias:-0.0,Multiplicity:1.05
0.139	0.012	0.084	0.765
0.857	0.066	0.037	0.040
0.001	0.001	0.001	0.997
0.935	0.001	0.001	0.063
0.025	0.973	0.001	0.001
0.041	0.055	0.059	0.845
0.300	0.674	0.025	0.001
0.017	0.021	0.012	0.950
>CCGAACGA	11-CCGAACGA	6.750267	-32.106504	0	T:207.0(11.14%),B:2654.0(6.37%),P:1e-13	Tpos:73.7,Tstd:42.6,Bpos:75.5,Bstd:53.8,StrandBias:0.4,Multiplicity:1.05
0.244	0.428	0.213	0.114
0.001	0.988	0.010	0.001
0.001	0.021	0.977	0.001
0.997	0.001	0.001	0.001
0.932	0.062	0.001	0.005
0.001	0.821	0.011	0.167
0.001	0.207	0.791	0.001
0.786	0.001	0.212	0.001
>GYTTTCGY	12-GYTTTCGY	6.720175	-29.738281	0	T:454.0(24.42%),B:7352.0(17.64%),P:1e-12	Tpos:77.2,Tstd:42.6,Bpos:74.9,Bstd:52.5,StrandBias:0.1,Multiplicity:1.18
0.001	0.001	0.997	0.001
0.001	0.539	0.001	0.459
0.001	0.264	0.102	0.633
0.001	0.016	0.001	0.982
0.001	0.001	0.303	0.695
0.001	0.514	0.121	0.364
0.001	0.349	0.649	0.001
0.001	0.553	0.001	0.445
>AAGCTTTC	13-AAGCTTTC	3.900606	-27.860768	0	T:159.0(8.55%),B:1955.0(4.69%),P:1e-12	Tpos:78.3,Tstd:42.8,Bpos:72.9,Bstd:52.4,StrandBias:-0.0,Multiplicity:1.09
0.975	0.001	0.023	0.001
0.997	0.001	0.001	0.001
0.001	0.001	0.997	0.001
0.001	0.997	0.001	0.001
0.001	0.001	0.001	0.997
0.001	0.001	0.001	0.997
0.001	0.001	0.001	0.997
0.001	0.768	0.143	0.088
>GTGACGTC	14-GTGACGTC	6.733819	-24.218161	0	T:56.0(3.01%),B:453.0(1.09%),P:1e-10	Tpos:79.6,Tstd:40.7,Bpos:70.8,Bstd:49.2,StrandBias:-0.1,Multiplicity:1.00
0.256	0.001	0.665	0.078
0.001	0.001	0.001	0.997
0.001	0.001	0.997	0.001
0.997	0.001	0.001	0.001
0.001	0.997	0.001	0.001
0.001	0.001	0.997	0.001
0.001	0.001	0.001	0.997
0.051	0.947	0.001	0.001
>TTCCATTT	15-TTCCATTT	9.242971	-13.204596	0	T:73.0(3.93%),B:905.1(2.17%),P:1e-5	Tpos:80.3,Tstd:36.5,Bpos:74.8,Bstd:47.9,StrandBias:0.2,Multiplicity:1.06
0.161	0.001	0.001	0.837
0.001	0.001	0.001	0.997
0.001	0.997	0.001	0.001
0.001	0.997	0.001	0.001
0.997	0.001	0.001	0.001
0.001	0.001	0.001	0.997
0.001	0.001	0.001	0.997
0.001	0.001	0.001	0.997
>GTCGACGT	16-GTCGACGT	8.223725	-12.620380	0	T:54.0(2.90%),B:611.0(1.47%),P:1e-5	Tpos:69.7,Tstd:45.0,Bpos:73.9,Bstd:55.3,StrandBias:0.1,Multiplicity:1.12
0.001	0.001	0.997	0.001
0.145	0.001	0.001	0.853
0.001	0.928	0.001	0.070
0.100	0.001	0.898	0.001
0.997	0.001	0.001	0.001
0.001	0.997	0.001	0.001
0.001	0.001	0.997	0.001
0.001	0.081	0.001	0.917
