>TCTCTCTCTCTC	1-TCTCTCTCTCTC	6.230264	-257.465693	0	T:699.0(37.60%),B:6649.0(15.95%),P:1e-111	Tpos:75.2,Tstd:38.6,Bpos:74.3,Bstd:71.8,StrandBias:0.2,Multiplicity:1.59
0.059	0.144	0.263	0.534
0.086	0.688	0.111	0.115
0.068	0.081	0.265	0.586
0.035	0.816	0.061	0.088
0.053	0.050	0.226	0.671
0.001	0.860	0.008	0.131
0.066	0.073	0.170	0.691
0.005	0.881	0.043	0.071
0.086	0.075	0.205	0.634
0.017	0.780	0.059	0.144
0.151	0.081	0.209	0.559
0.051	0.665	0.133	0.151
>NNCTCTCTCTBN	2-NNCTCTCTCTBN	5.087908	-197.798811	0	T:1062.0(57.13%),B:14457.0(34.69%),P:1e-85	Tpos:74.6,Tstd:40.5,Bpos:75.7,Bstd:57.3,StrandBias:-0.0,Multiplicity:1.31
0.181	0.289	0.216	0.314
0.191	0.194	0.317	0.298
0.128	0.542	0.002	0.328
0.193	0.013	0.305	0.489
0.011	0.732	0.005	0.252
0.136	0.001	0.291	0.572
0.001	0.888	0.001	0.110
0.288	0.025	0.031	0.656
0.002	0.475	0.214	0.309
0.234	0.199	0.117	0.450
0.104	0.353	0.278	0.266
0.288	0.245	0.195	0.273
>GAGAGCSAGAGA	3-GAGAGCSAGAGA	8.317144	-132.111968	0	T:277.0(14.90%),B:2079.8(4.99%),P:1e-57	Tpos:70.2,Tstd:41.4,Bpos:76.9,Bstd:55.3,StrandBias:-1.1,Multiplicity:1.02
0.036	0.095	0.868	0.001
0.927	0.001	0.001	0.071
0.284	0.072	0.626	0.018
0.725	0.090	0.068	0.117
0.173	0.056	0.672	0.099
0.001	0.963	0.035	0.001
0.226	0.312	0.426	0.037
0.735	0.018	0.246	0.001
0.102	0.090	0.682	0.126
0.746	0.145	0.018	0.091
0.122	0.104	0.684	0.090
0.962	0.036	0.001	0.001
>CGCTCTCTCTCG	4-CGCTCTCTCTCG	8.014078	-119.733249	0	T:258.0(13.88%),B:1967.2(4.72%),P:1e-51	Tpos:93.2,Tstd:41.5,Bpos:76.8,Bstd:55.7,StrandBias:-0.3,Multiplicity:1.00
0.086	0.679	0.086	0.149
0.034	0.103	0.862	0.001
0.123	0.709	0.034	0.134
0.078	0.080	0.069	0.773
0.063	0.702	0.147	0.088
0.115	0.103	0.082	0.700
0.129	0.655	0.086	0.130
0.046	0.086	0.052	0.816
0.089	0.672	0.132	0.107
0.086	0.034	0.123	0.757
0.103	0.811	0.017	0.069
0.011	0.052	0.868	0.069
>GTATCTGTATCT	5-GTATCTGTATCT	9.091083	-60.815712	0	T:127.0(6.83%),B:938.8(2.25%),P:1e-26	Tpos:65.2,Tstd:38.1,Bpos:75.6,Bstd:59.9,StrandBias:-0.3,Multiplicity:1.20
0.097	0.080	0.822	0.001
0.080	0.129	0.001	0.790
0.946	0.001	0.013	0.040
0.001	0.020	0.096	0.883
0.001	0.851	0.040	0.108
0.001	0.008	0.001	0.990
0.001	0.228	0.770	0.001
0.210	0.091	0.001	0.698
0.604	0.001	0.394	0.001
0.001	0.176	0.114	0.709
0.123	0.574	0.134	0.169
0.082	0.118	0.117	0.683
>TTGTTGTTGTTG	6-TTGTTGTTGTTG	9.234786	-59.139149	0	T:196.0(10.54%),B:1908.9(4.58%),P:1e-25	Tpos:73.2,Tstd:39.9,Bpos:76.4,Bstd:55.1,StrandBias:0.4,Multiplicity:1.15
0.068	0.123	0.116	0.693
0.108	0.054	0.069	0.769
0.091	0.055	0.704	0.150
0.049	0.126	0.031	0.794
0.042	0.050	0.058	0.850
0.089	0.045	0.759	0.107
0.045	0.133	0.040	0.782
0.084	0.060	0.060	0.796
0.040	0.062	0.759	0.139
0.047	0.162	0.071	0.720
0.089	0.096	0.100	0.715
0.067	0.084	0.660	0.189
>GAVAGCGAMAGC	7-GAVAGCGAMAGC	8.137551	-57.551397	0	T:223.0(12.00%),B:2344.9(5.63%),P:1e-24	Tpos:75.1,Tstd:42.6,Bpos:73.0,Bstd:57.5,StrandBias:-0.4,Multiplicity:1.17
0.174	0.119	0.706	0.001
0.884	0.072	0.043	0.001
0.320	0.371	0.265	0.043
0.692	0.054	0.136	0.118
0.156	0.001	0.679	0.164
0.001	0.865	0.123	0.011
0.244	0.065	0.680	0.011
0.827	0.033	0.118	0.022
0.363	0.412	0.170	0.055
0.849	0.023	0.091	0.037
0.079	0.001	0.919	0.001
0.072	0.904	0.011	0.013
>GAGAGSGRGAGG	8-GAGAGSGRGAGG	8.181456	-53.099413	0	T:168.0(9.04%),B:1595.7(3.83%),P:1e-23	Tpos:75.1,Tstd:36.9,Bpos:76.2,Bstd:50.5,StrandBias:0.0,Multiplicity:1.04
0.001	0.023	0.975	0.001
0.980	0.001	0.018	0.001
0.113	0.001	0.794	0.092
0.513	0.044	0.143	0.300
0.148	0.001	0.754	0.097
0.001	0.429	0.359	0.211
0.089	0.024	0.886	0.001
0.419	0.001	0.383	0.197
0.001	0.162	0.764	0.073
0.688	0.001	0.142	0.169
0.234	0.001	0.764	0.001
0.001	0.198	0.800	0.001
>GTGTGTGTGTGT	9-GTGTGTGTGTGT	7.073280	-50.977467	0	T:439.0(23.61%),B:6235.8(14.96%),P:1e-22	Tpos:73.6,Tstd:41.6,Bpos:73.2,Bstd:61.2,StrandBias:-0.2,Multiplicity:1.17
0.064	0.051	0.679	0.206
0.123	0.067	0.056	0.754
0.033	0.048	0.819	0.100
0.091	0.048	0.055	0.806
0.156	0.021	0.631	0.192
0.065	0.074	0.048	0.813
0.055	0.055	0.641	0.249
0.087	0.077	0.069	0.767
0.020	0.025	0.728	0.227
0.041	0.045	0.106	0.808
0.086	0.060	0.780	0.074
0.119	0.229	0.138	0.514
>TATRTATRTATR	10-TATRTATRTATR	4.843411	-47.132694	0	T:641.0(34.48%),B:10303.1(24.72%),P:1e-20	Tpos:72.8,Tstd:41.3,Bpos:73.6,Bstd:63.8,StrandBias:0.0,Multiplicity:1.48
0.007	0.100	0.001	0.892
0.806	0.022	0.098	0.074
0.039	0.321	0.018	0.622
0.407	0.061	0.520	0.012
0.033	0.070	0.033	0.864
0.768	0.063	0.159	0.010
0.001	0.290	0.001	0.708
0.571	0.001	0.427	0.001
0.001	0.022	0.001	0.976
0.749	0.040	0.152	0.059
0.001	0.319	0.038	0.642
0.472	0.013	0.470	0.045
>TGTATGTATGTA	11-TGTATGTATGTA	7.569714	-40.985774	0	T:233.0(12.53%),B:2863.0(6.87%),P:1e-17	Tpos:72.4,Tstd:41.3,Bpos:75.2,Bstd:52.8,StrandBias:-0.6,Multiplicity:1.00
0.077	0.038	0.030	0.855
0.012	0.040	0.816	0.132
0.127	0.060	0.072	0.741
0.718	0.142	0.050	0.090
0.137	0.030	0.030	0.803
0.050	0.113	0.681	0.156
0.162	0.070	0.060	0.708
0.703	0.064	0.093	0.140
0.110	0.040	0.020	0.830
0.043	0.068	0.734	0.155
0.195	0.080	0.082	0.643
0.808	0.060	0.068	0.064
>DBGAAAGMGAVD	12-DBGAAAGMGAVD	7.553198	-39.891700	0	T:113.0(6.08%),B:1012.3(2.43%),P:1e-17	Tpos:100.8,Tstd:45.1,Bpos:73.2,Bstd:51.4,StrandBias:0.1,Multiplicity:1.00
0.203	0.194	0.253	0.350
0.186	0.342	0.213	0.260
0.017	0.111	0.720	0.152
0.680	0.207	0.004	0.109
0.610	0.007	0.001	0.382
0.779	0.192	0.017	0.012
0.358	0.006	0.629	0.007
0.376	0.331	0.083	0.211
0.008	0.014	0.971	0.007
0.595	0.010	0.210	0.185
0.190	0.323	0.329	0.158
0.293	0.151	0.212	0.344
>GARAGCGRAAAT	13-GARAGCGRAAAT	8.474419	-38.091588	0	T:119.0(6.40%),B:1124.0(2.70%),P:1e-16	Tpos:82.0,Tstd:37.8,Bpos:74.5,Bstd:51.3,StrandBias:0.2,Multiplicity:1.05
0.204	0.001	0.684	0.111
0.640	0.192	0.167	0.001
0.411	0.168	0.312	0.109
0.984	0.001	0.014	0.001
0.033	0.001	0.656	0.310
0.001	0.575	0.339	0.085
0.176	0.088	0.686	0.050
0.463	0.001	0.535	0.001
0.830	0.001	0.096	0.073
0.896	0.001	0.001	0.102
0.622	0.001	0.158	0.219
0.014	0.001	0.001	0.984
>SVCTCTCGMTCG	14-SVCTCTCGMTCG	9.762715	-33.633267	0	T:44.0(2.37%),B:227.4(0.55%),P:1e-14	Tpos:87.1,Tstd:39.1,Bpos:77.5,Bstd:51.5,StrandBias:0.0,Multiplicity:1.00
0.001	0.421	0.451	0.126
0.275	0.343	0.382	0.001
0.001	0.682	0.047	0.270
0.001	0.225	0.001	0.773
0.333	0.619	0.001	0.047
0.001	0.001	0.001	0.997
0.001	0.811	0.187	0.001
0.001	0.187	0.811	0.001
0.446	0.552	0.001	0.001
0.047	0.084	0.291	0.578
0.001	0.737	0.001	0.261
0.001	0.001	0.997	0.001
>TCTSTTTTTCTC	15-TCTSTTTTTCTC	11.411740	-33.196186	0	T:52.0(2.80%),B:314.8(0.76%),P:1e-14	Tpos:58.8,Tstd:34.8,Bpos:75.4,Bstd:41.8,StrandBias:-1.0,Multiplicity:1.00
0.001	0.001	0.001	0.997
0.001	0.997	0.001	0.001
0.001	0.001	0.001	0.997
0.001	0.400	0.400	0.200
0.001	0.001	0.001	0.997
0.099	0.001	0.001	0.899
0.001	0.001	0.199	0.799
0.001	0.399	0.001	0.599
0.001	0.199	0.001	0.799
0.300	0.599	0.100	0.001
0.001	0.001	0.001	0.997
0.001	0.799	0.199	0.001
>TATGATGACTCA	16-TATGATGACTCA	13.567001	-30.032712	0	T:8.0(0.43%),B:2.7(0.01%),P:1e-13	Tpos:71.0,Tstd:36.5,Bpos:121.2,Bstd:8.5,StrandBias:1.0,Multiplicity:1.12
0.001	0.111	0.111	0.777
0.888	0.110	0.001	0.001
0.110	0.001	0.001	0.888
0.001	0.001	0.888	0.110
0.888	0.110	0.001	0.001
0.001	0.001	0.001	0.997
0.001	0.001	0.888	0.110
0.997	0.001	0.001	0.001
0.001	0.997	0.001	0.001
0.001	0.001	0.001	0.997
0.001	0.997	0.001	0.001
0.888	0.001	0.001	0.110
>YGACGWCGDCGT	17-YGACGWCGDCGT	8.038485	-26.823099	0	T:108.0(5.81%),B:1158.6(2.78%),P:1e-11	Tpos:77.8,Tstd:39.2,Bpos:71.2,Bstd:56.9,StrandBias:-0.1,Multiplicity:1.06
0.142	0.480	0.001	0.377
0.001	0.001	0.930	0.068
0.423	0.193	0.207	0.176
0.001	0.997	0.001	0.001
0.001	0.001	0.997	0.001
0.432	0.135	0.001	0.433
0.019	0.831	0.001	0.149
0.127	0.001	0.853	0.019
0.312	0.162	0.263	0.263
0.001	0.879	0.001	0.119
0.213	0.001	0.620	0.166
0.135	0.230	0.238	0.397
>CTCCCCVTCTCW	18-CTCCCCVTCTCW	10.509298	-26.205198	0	T:46.0(2.47%),B:307.8(0.74%),P:1e-11	Tpos:94.1,Tstd:44.0,Bpos:74.2,Bstd:42.7,StrandBias:1.1,Multiplicity:1.07
0.245	0.753	0.001	0.001
0.001	0.001	0.001	0.997
0.001	0.632	0.366	0.001
0.001	0.739	0.001	0.259
0.001	0.873	0.125	0.001
0.001	0.879	0.001	0.119
0.266	0.361	0.253	0.120
0.001	0.001	0.001	0.997
0.001	0.879	0.001	0.119
0.126	0.120	0.001	0.753
0.362	0.631	0.001	0.006
0.486	0.001	0.001	0.512
>GATCCGATCCGA	19-GATCCGATCCGA	7.902051	-25.279387	0	T:74.0(3.98%),B:682.0(1.64%),P:1e-10	Tpos:78.7,Tstd:45.0,Bpos:74.4,Bstd:51.8,StrandBias:0.2,Multiplicity:1.12
0.091	0.075	0.833	0.001
0.770	0.106	0.001	0.123
0.136	0.100	0.083	0.681
0.066	0.727	0.119	0.088
0.049	0.648	0.287	0.016
0.114	0.141	0.744	0.001
0.845	0.049	0.041	0.065
0.225	0.001	0.170	0.604
0.010	0.747	0.158	0.085
0.077	0.607	0.281	0.035
0.024	0.260	0.715	0.001
0.820	0.150	0.029	0.001
>CACTCACACACA	20-CACTCACACACA	9.310592	-21.141918	0	T:131.0(7.05%),B:1663.5(3.99%),P:1e-9	Tpos:85.0,Tstd:35.2,Bpos:69.5,Bstd:59.7,StrandBias:0.3,Multiplicity:1.00
0.061	0.865	0.037	0.037
0.902	0.037	0.024	0.037
0.061	0.829	0.037	0.073
0.001	0.001	0.109	0.889
0.073	0.793	0.037	0.097
0.857	0.024	0.082	0.037
0.036	0.927	0.001	0.036
0.821	0.060	0.118	0.001
0.037	0.873	0.061	0.029
0.720	0.097	0.073	0.110
0.037	0.691	0.199	0.073
0.830	0.024	0.073	0.073
>TGTATGTATATG	21-TGTATGTATATG	10.052596	-14.787027	0	T:54.0(2.90%),B:567.4(1.36%),P:1e-6	Tpos:77.0,Tstd:48.0,Bpos:74.5,Bstd:53.6,StrandBias:0.4,Multiplicity:1.00
0.127	0.001	0.001	0.871
0.001	0.001	0.935	0.063
0.064	0.064	0.064	0.808
0.766	0.064	0.128	0.042
0.001	0.001	0.063	0.935
0.001	0.127	0.871	0.001
0.255	0.001	0.064	0.680
0.829	0.001	0.064	0.106
0.127	0.001	0.127	0.745
0.680	0.064	0.064	0.192
0.063	0.001	0.001	0.935
0.001	0.063	0.935	0.001
>AAAGAGAAAGAG	22-AAAGAGAAAGAG	10.457839	-14.721628	0	T:45.0(2.42%),B:435.7(1.05%),P:1e-6	Tpos:65.5,Tstd:33.7,Bpos:67.7,Bstd:48.1,StrandBias:2.0,Multiplicity:1.00
0.974	0.001	0.024	0.001
0.911	0.001	0.001	0.087
0.756	0.175	0.068	0.001
0.175	0.207	0.530	0.088
0.746	0.138	0.115	0.001
0.087	0.001	0.825	0.087
0.672	0.087	0.240	0.001
0.911	0.087	0.001	0.001
0.911	0.001	0.001	0.087
0.127	0.001	0.871	0.001
0.911	0.001	0.001	0.087
0.001	0.001	0.997	0.001
>CTATAGNCTATA	23-CTATAGNCTATA	10.553650	-14.679204	0	T:20.0(1.08%),B:114.1(0.27%),P:1e-6	Tpos:99.0,Tstd:35.9,Bpos:77.6,Bstd:55.3,StrandBias:-0.1,Multiplicity:1.21
0.315	0.683	0.001	0.001
0.001	0.047	0.084	0.868
0.809	0.095	0.049	0.047
0.001	0.046	0.001	0.952
0.962	0.001	0.001	0.036
0.049	0.136	0.688	0.127
0.227	0.330	0.260	0.183
0.182	0.721	0.049	0.048
0.038	0.049	0.085	0.828
0.997	0.001	0.001	0.001
0.001	0.047	0.142	0.810
0.952	0.001	0.046	0.001
>TATWKGTTTGTA	24-TATWKGTTTGTA	8.590626	-14.584893	0	T:117.0(6.29%),B:1620.5(3.89%),P:1e-6	Tpos:71.5,Tstd:43.3,Bpos:76.0,Bstd:50.2,StrandBias:-0.2,Multiplicity:1.08
0.001	0.080	0.001	0.918
0.938	0.032	0.022	0.008
0.001	0.001	0.001	0.997
0.405	0.001	0.048	0.546
0.032	0.001	0.421	0.546
0.043	0.049	0.756	0.152
0.001	0.097	0.048	0.854
0.105	0.240	0.001	0.654
0.001	0.001	0.001	0.997
0.049	0.049	0.538	0.364
0.004	0.001	0.314	0.681
0.719	0.097	0.073	0.111
>CATATGTAMATA	25-CATATGTAMATA	9.829011	-11.214208	0	T:53.0(2.85%),B:627.0(1.50%),P:1e-4	Tpos:72.1,Tstd:45.8,Bpos:76.2,Bstd:49.0,StrandBias:0.7,Multiplicity:1.00
0.034	0.964	0.001	0.001
0.786	0.001	0.001	0.212
0.053	0.056	0.001	0.890
0.582	0.001	0.159	0.258
0.007	0.001	0.053	0.939
0.001	0.041	0.594	0.364
0.001	0.381	0.001	0.617
0.741	0.053	0.205	0.001
0.473	0.525	0.001	0.001
0.915	0.001	0.001	0.083
0.110	0.053	0.001	0.836
0.714	0.003	0.131	0.152
