>GAGAGAGAGA	1-GAGAGAGAGA	6.729126	-261.925171	0	T:667.0(35.88%),B:6082.9(14.60%),P:1e-113	Tpos:74.8,Tstd:39.1,Bpos:74.1,Bstd:73.3,StrandBias:-0.2,Multiplicity:1.61
0.206	0.120	0.673	0.001
0.590	0.145	0.097	0.168
0.157	0.001	0.841	0.001
0.748	0.125	0.001	0.126
0.105	0.001	0.893	0.001
0.788	0.206	0.001	0.005
0.034	0.017	0.948	0.001
0.541	0.270	0.096	0.093
0.189	0.123	0.675	0.013
0.552	0.235	0.134	0.079
>GRGAGAGMRV	2-GRGAGAGMRV	5.265332	-212.506868	0	T:1002.0(53.90%),B:12912.0(30.98%),P:1e-92	Tpos:77.1,Tstd:40.5,Bpos:75.2,Bstd:58.5,StrandBias:0.3,Multiplicity:1.19
0.244	0.116	0.541	0.099
0.312	0.244	0.395	0.049
0.141	0.165	0.674	0.020
0.723	0.157	0.089	0.031
0.083	0.001	0.915	0.001
0.793	0.199	0.001	0.007
0.124	0.001	0.845	0.030
0.419	0.398	0.155	0.028
0.378	0.073	0.520	0.029
0.240	0.311	0.302	0.147
>AVAGAGAGMG	3-AVAGAGAGMG	5.258348	-205.606475	0	T:916.0(49.27%),B:11366.7(27.27%),P:1e-89	Tpos:74.1,Tstd:41.1,Bpos:74.9,Bstd:60.0,StrandBias:-0.0,Multiplicity:1.20
0.764	0.044	0.041	0.151
0.310	0.275	0.315	0.101
0.675	0.102	0.081	0.142
0.062	0.166	0.742	0.030
0.838	0.092	0.054	0.016
0.026	0.021	0.918	0.035
0.785	0.054	0.050	0.111
0.070	0.014	0.890	0.026
0.341	0.491	0.134	0.033
0.134	0.111	0.678	0.077
>GTGTGTGTGT	4-GTGTGTGTGT	4.533918	-85.278496	0	T:1019.0(54.81%),B:16699.6(40.07%),P:1e-37	Tpos:74.4,Tstd:42.3,Bpos:74.0,Bstd:59.1,StrandBias:-0.0,Multiplicity:1.42
0.124	0.109	0.685	0.082
0.093	0.119	0.099	0.689
0.115	0.104	0.696	0.085
0.110	0.100	0.098	0.692
0.103	0.090	0.717	0.090
0.109	0.090	0.103	0.698
0.097	0.083	0.738	0.082
0.114	0.110	0.104	0.672
0.098	0.082	0.738	0.082
0.111	0.103	0.110	0.676
>TGTTGTTGTT	5-TGTTGTTGTT	7.053552	-63.672137	0	T:441.0(23.72%),B:5887.0(14.13%),P:1e-27	Tpos:74.2,Tstd:39.9,Bpos:75.3,Bstd:55.9,StrandBias:0.2,Multiplicity:1.30
0.101	0.099	0.053	0.747
0.076	0.033	0.738	0.153
0.027	0.101	0.028	0.844
0.027	0.048	0.022	0.903
0.061	0.025	0.787	0.127
0.006	0.063	0.073	0.858
0.031	0.044	0.108	0.817
0.052	0.022	0.795	0.131
0.040	0.137	0.060	0.763
0.042	0.085	0.120	0.753
>TACATATACA	6-TACATATACA	6.434911	-63.513988	0	T:561.0(30.18%),B:8122.5(19.49%),P:1e-27	Tpos:72.0,Tstd:41.5,Bpos:73.6,Bstd:65.3,StrandBias:-0.1,Multiplicity:1.60
0.039	0.124	0.054	0.783
0.874	0.030	0.051	0.045
0.049	0.771	0.044	0.136
0.881	0.039	0.036	0.044
0.073	0.120	0.138	0.669
0.836	0.065	0.050	0.049
0.043	0.163	0.025	0.769
0.891	0.016	0.061	0.032
0.041	0.721	0.073	0.165
0.807	0.043	0.091	0.059
>ATGASTCATW	7-ATGASTCATW	7.123704	-53.142411	0	T:140.0(7.53%),B:1200.9(2.88%),P:1e-23	Tpos:71.1,Tstd:39.0,Bpos:72.0,Bstd:51.4,StrandBias:-0.1,Multiplicity:1.06
0.434	0.212	0.184	0.169
0.001	0.001	0.001	0.997
0.006	0.011	0.807	0.176
0.853	0.138	0.001	0.008
0.076	0.438	0.430	0.056
0.001	0.001	0.079	0.919
0.122	0.737	0.130	0.011
0.997	0.001	0.001	0.001
0.097	0.362	0.011	0.530
0.437	0.130	0.143	0.289
>AGCTGATAAG	8-AGCTGATAAG	7.612912	-44.309415	0	T:122.0(6.56%),B:1074.7(2.58%),P:1e-19	Tpos:70.9,Tstd:40.4,Bpos:71.3,Bstd:50.9,StrandBias:-0.3,Multiplicity:1.07
0.530	0.212	0.153	0.105
0.139	0.220	0.551	0.090
0.001	0.742	0.112	0.145
0.099	0.185	0.001	0.715
0.126	0.001	0.862	0.011
0.896	0.001	0.031	0.072
0.001	0.001	0.001	0.997
0.985	0.001	0.001	0.013
0.912	0.001	0.039	0.048
0.032	0.188	0.622	0.158
>GAATGGGGGG	9-GAATGGGGGG	6.228266	-41.875725	0	T:251.0(13.50%),B:3144.7(7.55%),P:1e-18	Tpos:80.6,Tstd:42.8,Bpos:74.3,Bstd:47.2,StrandBias:0.5,Multiplicity:1.11
0.182	0.010	0.807	0.001
0.723	0.001	0.088	0.188
0.724	0.103	0.038	0.135
0.165	0.001	0.293	0.541
0.079	0.001	0.913	0.007
0.148	0.025	0.826	0.001
0.039	0.001	0.959	0.001
0.049	0.110	0.840	0.001
0.147	0.190	0.648	0.015
0.229	0.059	0.602	0.110
>TATTTWTAAA	10-TATTTWTAAA	8.257563	-39.366022	0	T:148.0(7.96%),B:1531.9(3.68%),P:1e-17	Tpos:78.0,Tstd:39.9,Bpos:72.5,Bstd:49.5,StrandBias:-0.2,Multiplicity:1.02
0.001	0.121	0.001	0.877
0.970	0.028	0.001	0.001
0.216	0.088	0.001	0.695
0.001	0.001	0.001	0.997
0.001	0.284	0.001	0.714
0.377	0.001	0.131	0.490
0.001	0.001	0.085	0.913
0.834	0.001	0.164	0.001
0.554	0.095	0.309	0.042
0.576	0.317	0.106	0.001
>AAAGCTTTCT	11-AAAGCTTTCT	8.961264	-38.268952	0	T:55.0(2.96%),B:307.1(0.74%),P:1e-16	Tpos:71.4,Tstd:41.0,Bpos:71.2,Bstd:55.3,StrandBias:-0.4,Multiplicity:1.00
0.967	0.001	0.001	0.031
0.874	0.040	0.085	0.001
0.951	0.001	0.001	0.047
0.001	0.001	0.997	0.001
0.001	0.990	0.001	0.008
0.095	0.001	0.024	0.880
0.001	0.001	0.001	0.997
0.001	0.001	0.020	0.978
0.021	0.744	0.163	0.072
0.001	0.067	0.319	0.613
>TGTGTGTATG	12-TGTGTGTATG	7.048981	-33.755666	0	T:310.0(16.68%),B:4435.3(10.64%),P:1e-14	Tpos:69.9,Tstd:44.6,Bpos:73.4,Bstd:52.8,StrandBias:0.1,Multiplicity:1.02
0.036	0.035	0.007	0.922
0.075	0.081	0.784	0.060
0.099	0.010	0.044	0.847
0.116	0.107	0.715	0.062
0.072	0.095	0.044	0.789
0.046	0.083	0.765	0.106
0.056	0.166	0.098	0.680
0.840	0.065	0.001	0.094
0.069	0.060	0.084	0.787
0.043	0.026	0.872	0.059
>GTCGACGTCG	13-GTCGACGTCG	7.437049	-29.730898	0	T:115.0(6.19%),B:1209.8(2.90%),P:1e-12	Tpos:74.7,Tstd:43.8,Bpos:70.8,Bstd:57.3,StrandBias:0.1,Multiplicity:1.22
0.023	0.041	0.889	0.047
0.130	0.114	0.097	0.659
0.085	0.766	0.054	0.095
0.098	0.037	0.836	0.029
0.772	0.051	0.069	0.108
0.077	0.840	0.041	0.042
0.069	0.012	0.774	0.145
0.048	0.059	0.131	0.762
0.041	0.890	0.020	0.049
0.076	0.029	0.820	0.075
>CACACAGATG	14-CACACAGATG	8.022280	-29.340476	0	T:55.0(2.96%),B:383.8(0.92%),P:1e-12	Tpos:59.8,Tstd:26.5,Bpos:68.9,Bstd:57.5,StrandBias:0.3,Multiplicity:1.00
0.130	0.575	0.079	0.216
0.491	0.098	0.276	0.136
0.099	0.702	0.091	0.108
0.693	0.106	0.066	0.135
0.044	0.781	0.079	0.096
0.678	0.080	0.116	0.126
0.357	0.001	0.545	0.097
0.659	0.184	0.080	0.077
0.123	0.178	0.053	0.646
0.206	0.081	0.617	0.096
>AATGACGTCA	15-AATGACGTCA	9.565926	-27.499936	0	T:27.0(1.45%),B:105.5(0.25%),P:1e-11	Tpos:76.3,Tstd:36.6,Bpos:76.6,Bstd:45.0,StrandBias:-0.4,Multiplicity:1.00
0.826	0.029	0.101	0.044
0.655	0.044	0.195	0.106
0.001	0.054	0.001	0.944
0.043	0.001	0.955	0.001
0.968	0.001	0.030	0.001
0.001	0.965	0.001	0.033
0.035	0.001	0.963	0.001
0.039	0.001	0.001	0.959
0.001	0.997	0.001	0.001
0.924	0.074	0.001	0.001
>TWCTATATDG	16-TWCTATATDG	7.962842	-25.491730	0	T:76.0(4.09%),B:707.5(1.70%),P:1e-11	Tpos:77.6,Tstd:41.9,Bpos:72.1,Bstd:54.8,StrandBias:0.4,Multiplicity:1.08
0.001	0.398	0.001	0.600
0.335	0.119	0.185	0.362
0.008	0.751	0.240	0.001
0.001	0.317	0.041	0.641
0.734	0.001	0.264	0.001
0.001	0.001	0.001	0.997
0.997	0.001	0.001	0.001
0.001	0.181	0.064	0.754
0.383	0.037	0.316	0.264
0.001	0.186	0.812	0.001
>TGAHTCAYTG	17-TGAHTCAYTG	8.556309	-24.078798	0	T:61.0(3.28%),B:521.0(1.25%),P:1e-10	Tpos:63.7,Tstd:39.8,Bpos:79.6,Bstd:50.4,StrandBias:1.1,Multiplicity:1.00
0.001	0.001	0.001	0.997
0.001	0.001	0.604	0.394
0.704	0.294	0.001	0.001
0.278	0.305	0.001	0.417
0.268	0.268	0.036	0.427
0.253	0.745	0.001	0.001
0.997	0.001	0.001	0.001
0.001	0.504	0.132	0.363
0.001	0.001	0.001	0.997
0.001	0.264	0.734	0.001
>TTTAAGAGAA	18-TTTAAGAGAA	9.373748	-21.295281	0	T:42.0(2.26%),B:308.5(0.74%),P:1e-9	Tpos:77.3,Tstd:39.2,Bpos:80.6,Bstd:51.8,StrandBias:-0.9,Multiplicity:1.09
0.234	0.001	0.138	0.627
0.284	0.230	0.001	0.485
0.129	0.035	0.179	0.657
0.997	0.001	0.001	0.001
0.919	0.079	0.001	0.001
0.001	0.001	0.958	0.040
0.997	0.001	0.001	0.001
0.001	0.034	0.964	0.001
0.964	0.034	0.001	0.001
0.804	0.045	0.098	0.053
>TTCCATTTCG	19-TTCCATTTCG	9.271637	-21.139001	0	T:58.0(3.12%),B:520.9(1.25%),P:1e-9	Tpos:79.0,Tstd:37.9,Bpos:74.2,Bstd:52.4,StrandBias:0.3,Multiplicity:1.04
0.026	0.038	0.001	0.935
0.001	0.001	0.001	0.997
0.001	0.951	0.001	0.047
0.112	0.803	0.047	0.038
0.970	0.017	0.001	0.012
0.024	0.030	0.001	0.945
0.001	0.001	0.001	0.997
0.041	0.001	0.019	0.939
0.035	0.939	0.025	0.001
0.001	0.288	0.696	0.015
>TCCGATCCGA	20-TCCGATCCGA	8.591277	-19.392127	0	T:55.0(2.96%),B:504.7(1.21%),P:1e-8	Tpos:72.7,Tstd:42.5,Bpos:77.0,Bstd:50.7,StrandBias:-0.4,Multiplicity:1.31
0.236	0.049	0.032	0.683
0.145	0.748	0.106	0.001
0.001	0.997	0.001	0.001
0.014	0.168	0.817	0.001
0.953	0.001	0.001	0.045
0.118	0.001	0.218	0.663
0.051	0.773	0.175	0.001
0.001	0.997	0.001	0.001
0.020	0.173	0.806	0.001
0.980	0.001	0.018	0.001
>CTTATCTGCA	21-CTTATCTGCA	8.958208	-17.380203	0	T:33.0(1.78%),B:239.4(0.57%),P:1e-7	Tpos:67.1,Tstd:48.7,Bpos:75.2,Bstd:49.9,StrandBias:-0.6,Multiplicity:1.00
0.001	0.916	0.082	0.001
0.001	0.001	0.001	0.997
0.001	0.001	0.001	0.997
0.848	0.150	0.001	0.001
0.042	0.001	0.083	0.874
0.104	0.629	0.208	0.059
0.207	0.001	0.001	0.791
0.001	0.184	0.814	0.001
0.001	0.930	0.001	0.068
0.997	0.001	0.001	0.001
>CTTATCAGAG	22-CTTATCAGAG	9.366681	-16.254316	0	T:23.0(1.24%),B:134.9(0.32%),P:1e-7	Tpos:69.1,Tstd:43.5,Bpos:72.9,Bstd:42.8,StrandBias:0.4,Multiplicity:1.07
0.001	0.740	0.001	0.258
0.004	0.001	0.107	0.888
0.007	0.001	0.128	0.864
0.893	0.001	0.105	0.001
0.040	0.064	0.001	0.895
0.096	0.902	0.001	0.001
0.870	0.001	0.001	0.128
0.001	0.031	0.678	0.290
0.645	0.317	0.001	0.037
0.021	0.001	0.977	0.001
>CGTATCTCAC	23-CGTATCTCAC	10.861947	-15.988364	0	T:9.0(0.48%),B:17.5(0.04%),P:1e-6	Tpos:59.7,Tstd:33.2,Bpos:88.1,Bstd:71.3,StrandBias:1.6,Multiplicity:1.33
0.001	0.997	0.001	0.001
0.001	0.001	0.997	0.001
0.001	0.001	0.001	0.997
0.933	0.001	0.065	0.001
0.001	0.001	0.001	0.997
0.114	0.884	0.001	0.001
0.001	0.001	0.001	0.997
0.114	0.884	0.001	0.001
0.997	0.001	0.001	0.001
0.001	0.997	0.001	0.001
>GCGTCATCGC	24-GCGTCATCGC	11.590696	-12.520799	0	T:9.0(0.48%),B:26.8(0.06%),P:1e-5	Tpos:87.6,Tstd:36.3,Bpos:49.8,Bstd:22.8,StrandBias:0.3,Multiplicity:1.00
0.126	0.001	0.872	0.001
0.001	0.997	0.001	0.001
0.001	0.001	0.997	0.001
0.001	0.001	0.001	0.997
0.001	0.997	0.001	0.001
0.997	0.001	0.001	0.001
0.001	0.001	0.001	0.997
0.001	0.997	0.001	0.001
0.001	0.160	0.838	0.001
0.001	0.997	0.001	0.001
>CAGWCCSWCA	25-CAGWCCSWCA	7.338536	-10.229652	0	T:64.0(3.44%),B:836.4(2.01%),P:1e-4	Tpos:79.2,Tstd:40.0,Bpos:74.1,Bstd:43.0,StrandBias:0.3,Multiplicity:1.00
0.052	0.866	0.025	0.057
0.695	0.111	0.143	0.051
0.253	0.276	0.471	0.001
0.344	0.111	0.096	0.450
0.170	0.771	0.030	0.029
0.041	0.857	0.048	0.054
0.195	0.331	0.468	0.006
0.525	0.033	0.050	0.392
0.106	0.696	0.044	0.154
0.915	0.001	0.046	0.038
