>GAGAGAGAGA	1-GAGAGAGAGA	6.729126	-261.925171	0	T:667.0(35.88%),B:6082.9(14.60%),P:1e-113	Tpos:74.8,Tstd:39.1,Bpos:74.1,Bstd:73.3,StrandBias:-0.2,Multiplicity:1.61
0.206	0.120	0.673	0.001
0.590	0.145	0.097	0.168
0.157	0.001	0.841	0.001
0.748	0.125	0.001	0.126
0.105	0.001	0.893	0.001
0.788	0.206	0.001	0.005
0.034	0.017	0.948	0.001
0.541	0.270	0.096	0.093
0.189	0.123	0.675	0.013
0.552	0.235	0.134	0.079
>GRGAGAGMRV	2-GRGAGAGMRV	5.265332	-212.506868	0	T:1002.0(53.90%),B:12912.0(30.98%),P:1e-92	Tpos:77.1,Tstd:40.5,Bpos:75.2,Bstd:58.5,StrandBias:0.3,Multiplicity:1.19
0.244	0.116	0.541	0.099
0.312	0.244	0.395	0.049
0.141	0.165	0.674	0.020
0.723	0.157	0.089	0.031
0.083	0.001	0.915	0.001
0.793	0.199	0.001	0.007
0.124	0.001	0.845	0.030
0.419	0.398	0.155	0.028
0.378	0.073	0.520	0.029
0.240	0.311	0.302	0.147
>AVAGAGAGMG	3-AVAGAGAGMG	5.258348	-205.606475	0	T:916.0(49.27%),B:11366.7(27.27%),P:1e-89	Tpos:74.1,Tstd:41.1,Bpos:74.9,Bstd:60.0,StrandBias:-0.0,Multiplicity:1.20
0.764	0.044	0.041	0.151
0.310	0.275	0.315	0.101
0.675	0.102	0.081	0.142
0.062	0.166	0.742	0.030
0.838	0.092	0.054	0.016
0.026	0.021	0.918	0.035
0.785	0.054	0.050	0.111
0.070	0.014	0.890	0.026
0.341	0.491	0.134	0.033
0.134	0.111	0.678	0.077
>GTGTGTGTGT	4-GTGTGTGTGT	4.533918	-85.278496	0	T:1019.0(54.81%),B:16699.6(40.07%),P:1e-37	Tpos:74.4,Tstd:42.3,Bpos:74.0,Bstd:59.1,StrandBias:-0.0,Multiplicity:1.42
0.124	0.109	0.685	0.082
0.093	0.119	0.099	0.689
0.115	0.104	0.696	0.085
0.110	0.100	0.098	0.692
0.103	0.090	0.717	0.090
0.109	0.090	0.103	0.698
0.097	0.083	0.738	0.082
0.114	0.110	0.104	0.672
0.098	0.082	0.738	0.082
0.111	0.103	0.110	0.676
>TGTTGTTGTT	5-TGTTGTTGTT	7.053552	-63.672137	0	T:441.0(23.72%),B:5887.0(14.13%),P:1e-27	Tpos:74.2,Tstd:39.9,Bpos:75.3,Bstd:55.9,StrandBias:0.2,Multiplicity:1.30
0.101	0.099	0.053	0.747
0.076	0.033	0.738	0.153
0.027	0.101	0.028	0.844
0.027	0.048	0.022	0.903
0.061	0.025	0.787	0.127
0.006	0.063	0.073	0.858
0.031	0.044	0.108	0.817
0.052	0.022	0.795	0.131
0.040	0.137	0.060	0.763
0.042	0.085	0.120	0.753
>TACATATACA	6-TACATATACA	6.434911	-63.513988	0	T:561.0(30.18%),B:8122.5(19.49%),P:1e-27	Tpos:72.0,Tstd:41.5,Bpos:73.6,Bstd:65.3,StrandBias:-0.1,Multiplicity:1.60
0.039	0.124	0.054	0.783
0.874	0.030	0.051	0.045
0.049	0.771	0.044	0.136
0.881	0.039	0.036	0.044
0.073	0.120	0.138	0.669
0.836	0.065	0.050	0.049
0.043	0.163	0.025	0.769
0.891	0.016	0.061	0.032
0.041	0.721	0.073	0.165
0.807	0.043	0.091	0.059
>ATGASTCATW	7-ATGASTCATW	7.123704	-53.142411	0	T:140.0(7.53%),B:1200.9(2.88%),P:1e-23	Tpos:71.1,Tstd:39.0,Bpos:72.0,Bstd:51.4,StrandBias:-0.1,Multiplicity:1.06
0.434	0.212	0.184	0.169
0.001	0.001	0.001	0.997
0.006	0.011	0.807	0.176
0.853	0.138	0.001	0.008
0.076	0.438	0.430	0.056
0.001	0.001	0.079	0.919
0.122	0.737	0.130	0.011
0.997	0.001	0.001	0.001
0.097	0.362	0.011	0.530
0.437	0.130	0.143	0.289
>AGCTGATAAG	8-AGCTGATAAG	7.612912	-44.309415	0	T:122.0(6.56%),B:1074.7(2.58%),P:1e-19	Tpos:70.9,Tstd:40.4,Bpos:71.3,Bstd:50.9,StrandBias:-0.3,Multiplicity:1.07
0.530	0.212	0.153	0.105
0.139	0.220	0.551	0.090
0.001	0.742	0.112	0.145
0.099	0.185	0.001	0.715
0.126	0.001	0.862	0.011
0.896	0.001	0.031	0.072
0.001	0.001	0.001	0.997
0.985	0.001	0.001	0.013
0.912	0.001	0.039	0.048
0.032	0.188	0.622	0.158
>GAATGGGGGG	9-GAATGGGGGG	6.228266	-41.875725	0	T:251.0(13.50%),B:3144.7(7.55%),P:1e-18	Tpos:80.6,Tstd:42.8,Bpos:74.3,Bstd:47.2,StrandBias:0.5,Multiplicity:1.11
0.182	0.010	0.807	0.001
0.723	0.001	0.088	0.188
0.724	0.103	0.038	0.135
0.165	0.001	0.293	0.541
0.079	0.001	0.913	0.007
0.148	0.025	0.826	0.001
0.039	0.001	0.959	0.001
0.049	0.110	0.840	0.001
0.147	0.190	0.648	0.015
0.229	0.059	0.602	0.110
>TATTTWTAAA	10-TATTTWTAAA	8.257563	-39.366022	0	T:148.0(7.96%),B:1531.9(3.68%),P:1e-17	Tpos:78.0,Tstd:39.9,Bpos:72.5,Bstd:49.5,StrandBias:-0.2,Multiplicity:1.02
0.001	0.121	0.001	0.877
0.970	0.028	0.001	0.001
0.216	0.088	0.001	0.695
0.001	0.001	0.001	0.997
0.001	0.284	0.001	0.714
0.377	0.001	0.131	0.490
0.001	0.001	0.085	0.913
0.834	0.001	0.164	0.001
0.554	0.095	0.309	0.042
0.576	0.317	0.106	0.001
>AAAGCTTTCT	11-AAAGCTTTCT	8.961264	-38.268952	0	T:55.0(2.96%),B:307.1(0.74%),P:1e-16	Tpos:71.4,Tstd:41.0,Bpos:71.2,Bstd:55.3,StrandBias:-0.4,Multiplicity:1.00
0.967	0.001	0.001	0.031
0.874	0.040	0.085	0.001
0.951	0.001	0.001	0.047
0.001	0.001	0.997	0.001
0.001	0.990	0.001	0.008
0.095	0.001	0.024	0.880
0.001	0.001	0.001	0.997
0.001	0.001	0.020	0.978
0.021	0.744	0.163	0.072
0.001	0.067	0.319	0.613
>TGTGTGTATG	12-TGTGTGTATG	7.048981	-33.755666	0	T:310.0(16.68%),B:4435.3(10.64%),P:1e-14	Tpos:69.9,Tstd:44.6,Bpos:73.4,Bstd:52.8,StrandBias:0.1,Multiplicity:1.02
0.036	0.035	0.007	0.922
0.075	0.081	0.784	0.060
0.099	0.010	0.044	0.847
0.116	0.107	0.715	0.062
0.072	0.095	0.044	0.789
0.046	0.083	0.765	0.106
0.056	0.166	0.098	0.680
0.840	0.065	0.001	0.094
0.069	0.060	0.084	0.787
0.043	0.026	0.872	0.059
>GTCGACGTCG	13-GTCGACGTCG	7.437049	-29.730898	0	T:115.0(6.19%),B:1209.8(2.90%),P:1e-12	Tpos:74.7,Tstd:43.8,Bpos:70.8,Bstd:57.3,StrandBias:0.1,Multiplicity:1.22
0.023	0.041	0.889	0.047
0.130	0.114	0.097	0.659
0.085	0.766	0.054	0.095
0.098	0.037	0.836	0.029
0.772	0.051	0.069	0.108
0.077	0.840	0.041	0.042
0.069	0.012	0.774	0.145
0.048	0.059	0.131	0.762
0.041	0.890	0.020	0.049
0.076	0.029	0.820	0.075
>CACACAGATG	14-CACACAGATG	8.022280	-29.340476	0	T:55.0(2.96%),B:383.8(0.92%),P:1e-12	Tpos:59.8,Tstd:26.5,Bpos:68.9,Bstd:57.5,StrandBias:0.3,Multiplicity:1.00
0.130	0.575	0.079	0.216
0.491	0.098	0.276	0.136
0.099	0.702	0.091	0.108
0.693	0.106	0.066	0.135
0.044	0.781	0.079	0.096
0.678	0.080	0.116	0.126
0.357	0.001	0.545	0.097
0.659	0.184	0.080	0.077
0.123	0.178	0.053	0.646
0.206	0.081	0.617	0.096
>AATGACGTCA	15-AATGACGTCA	9.565926	-27.499936	0	T:27.0(1.45%),B:105.5(0.25%),P:1e-11	Tpos:76.3,Tstd:36.6,Bpos:76.6,Bstd:45.0,StrandBias:-0.4,Multiplicity:1.00
0.826	0.029	0.101	0.044
0.655	0.044	0.195	0.106
0.001	0.054	0.001	0.944
0.043	0.001	0.955	0.001
0.968	0.001	0.030	0.001
0.001	0.965	0.001	0.033
0.035	0.001	0.963	0.001
0.039	0.001	0.001	0.959
0.001	0.997	0.001	0.001
0.924	0.074	0.001	0.001
>TWCTATATDG	16-TWCTATATDG	7.962842	-25.491730	0	T:76.0(4.09%),B:707.5(1.70%),P:1e-11	Tpos:77.6,Tstd:41.9,Bpos:72.1,Bstd:54.8,StrandBias:0.4,Multiplicity:1.08
0.001	0.398	0.001	0.600
0.335	0.119	0.185	0.362
0.008	0.751	0.240	0.001
0.001	0.317	0.041	0.641
0.734	0.001	0.264	0.001
0.001	0.001	0.001	0.997
0.997	0.001	0.001	0.001
0.001	0.181	0.064	0.754
0.383	0.037	0.316	0.264
0.001	0.186	0.812	0.001
>TGAHTCAYTG	17-TGAHTCAYTG	8.556309	-24.078798	0	T:61.0(3.28%),B:521.0(1.25%),P:1e-10	Tpos:63.7,Tstd:39.8,Bpos:79.6,Bstd:50.4,StrandBias:1.1,Multiplicity:1.00
0.001	0.001	0.001	0.997
0.001	0.001	0.604	0.394
0.704	0.294	0.001	0.001
0.278	0.305	0.001	0.417
0.268	0.268	0.036	0.427
0.253	0.745	0.001	0.001
0.997	0.001	0.001	0.001
0.001	0.504	0.132	0.363
0.001	0.001	0.001	0.997
0.001	0.264	0.734	0.001
>TTTAAGAGAA	18-TTTAAGAGAA	9.373748	-21.295281	0	T:42.0(2.26%),B:308.5(0.74%),P:1e-9	Tpos:77.3,Tstd:39.2,Bpos:80.6,Bstd:51.8,StrandBias:-0.9,Multiplicity:1.09
0.234	0.001	0.138	0.627
0.284	0.230	0.001	0.485
0.129	0.035	0.179	0.657
0.997	0.001	0.001	0.001
0.919	0.079	0.001	0.001
0.001	0.001	0.958	0.040
0.997	0.001	0.001	0.001
0.001	0.034	0.964	0.001
0.964	0.034	0.001	0.001
0.804	0.045	0.098	0.053
>TTCCATTTCG	19-TTCCATTTCG	9.271637	-21.139001	0	T:58.0(3.12%),B:520.9(1.25%),P:1e-9	Tpos:79.0,Tstd:37.9,Bpos:74.2,Bstd:52.4,StrandBias:0.3,Multiplicity:1.04
0.026	0.038	0.001	0.935
0.001	0.001	0.001	0.997
0.001	0.951	0.001	0.047
0.112	0.803	0.047	0.038
0.970	0.017	0.001	0.012
0.024	0.030	0.001	0.945
0.001	0.001	0.001	0.997
0.041	0.001	0.019	0.939
0.035	0.939	0.025	0.001
0.001	0.288	0.696	0.015
>TCCGATCCGA	20-TCCGATCCGA	8.591277	-19.392127	0	T:55.0(2.96%),B:504.7(1.21%),P:1e-8	Tpos:72.7,Tstd:42.5,Bpos:77.0,Bstd:50.7,StrandBias:-0.4,Multiplicity:1.31
0.236	0.049	0.032	0.683
0.145	0.748	0.106	0.001
0.001	0.997	0.001	0.001
0.014	0.168	0.817	0.001
0.953	0.001	0.001	0.045
0.118	0.001	0.218	0.663
0.051	0.773	0.175	0.001
0.001	0.997	0.001	0.001
0.020	0.173	0.806	0.001
0.980	0.001	0.018	0.001
>CTTATCTGCA	21-CTTATCTGCA	8.958208	-17.380203	0	T:33.0(1.78%),B:239.4(0.57%),P:1e-7	Tpos:67.1,Tstd:48.7,Bpos:75.2,Bstd:49.9,StrandBias:-0.6,Multiplicity:1.00
0.001	0.916	0.082	0.001
0.001	0.001	0.001	0.997
0.001	0.001	0.001	0.997
0.848	0.150	0.001	0.001
0.042	0.001	0.083	0.874
0.104	0.629	0.208	0.059
0.207	0.001	0.001	0.791
0.001	0.184	0.814	0.001
0.001	0.930	0.001	0.068
0.997	0.001	0.001	0.001
>CTTATCAGAG	22-CTTATCAGAG	9.366681	-16.254316	0	T:23.0(1.24%),B:134.9(0.32%),P:1e-7	Tpos:69.1,Tstd:43.5,Bpos:72.9,Bstd:42.8,StrandBias:0.4,Multiplicity:1.07
0.001	0.740	0.001	0.258
0.004	0.001	0.107	0.888
0.007	0.001	0.128	0.864
0.893	0.001	0.105	0.001
0.040	0.064	0.001	0.895
0.096	0.902	0.001	0.001
0.870	0.001	0.001	0.128
0.001	0.031	0.678	0.290
0.645	0.317	0.001	0.037
0.021	0.001	0.977	0.001
>CGTATCTCAC	23-CGTATCTCAC	10.861947	-15.988364	0	T:9.0(0.48%),B:17.5(0.04%),P:1e-6	Tpos:59.7,Tstd:33.2,Bpos:88.1,Bstd:71.3,StrandBias:1.6,Multiplicity:1.33
0.001	0.997	0.001	0.001
0.001	0.001	0.997	0.001
0.001	0.001	0.001	0.997
0.933	0.001	0.065	0.001
0.001	0.001	0.001	0.997
0.114	0.884	0.001	0.001
0.001	0.001	0.001	0.997
0.114	0.884	0.001	0.001
0.997	0.001	0.001	0.001
0.001	0.997	0.001	0.001
>GCGTCATCGC	24-GCGTCATCGC	11.590696	-12.520799	0	T:9.0(0.48%),B:26.8(0.06%),P:1e-5	Tpos:87.6,Tstd:36.3,Bpos:49.8,Bstd:22.8,StrandBias:0.3,Multiplicity:1.00
0.126	0.001	0.872	0.001
0.001	0.997	0.001	0.001
0.001	0.001	0.997	0.001
0.001	0.001	0.001	0.997
0.001	0.997	0.001	0.001
0.997	0.001	0.001	0.001
0.001	0.001	0.001	0.997
0.001	0.997	0.001	0.001
0.001	0.160	0.838	0.001
0.001	0.997	0.001	0.001
>CAGWCCSWCA	25-CAGWCCSWCA	7.338536	-10.229652	0	T:64.0(3.44%),B:836.4(2.01%),P:1e-4	Tpos:79.2,Tstd:40.0,Bpos:74.1,Bstd:43.0,StrandBias:0.3,Multiplicity:1.00
0.052	0.866	0.025	0.057
0.695	0.111	0.143	0.051
0.253	0.276	0.471	0.001
0.344	0.111	0.096	0.450
0.170	0.771	0.030	0.029
0.041	0.857	0.048	0.054
0.195	0.331	0.468	0.006
0.525	0.033	0.050	0.392
0.106	0.696	0.044	0.154
0.915	0.001	0.046	0.038
>TCTCTCTCTCTC	1-TCTCTCTCTCTC	6.230264	-257.465693	0	T:699.0(37.60%),B:6649.0(15.95%),P:1e-111	Tpos:75.2,Tstd:38.6,Bpos:74.3,Bstd:71.8,StrandBias:0.2,Multiplicity:1.59
0.059	0.144	0.263	0.534
0.086	0.688	0.111	0.115
0.068	0.081	0.265	0.586
0.035	0.816	0.061	0.088
0.053	0.050	0.226	0.671
0.001	0.860	0.008	0.131
0.066	0.073	0.170	0.691
0.005	0.881	0.043	0.071
0.086	0.075	0.205	0.634
0.017	0.780	0.059	0.144
0.151	0.081	0.209	0.559
0.051	0.665	0.133	0.151
>NNCTCTCTCTBN	2-NNCTCTCTCTBN	5.087908	-197.798811	0	T:1062.0(57.13%),B:14457.0(34.69%),P:1e-85	Tpos:74.6,Tstd:40.5,Bpos:75.7,Bstd:57.3,StrandBias:-0.0,Multiplicity:1.31
0.181	0.289	0.216	0.314
0.191	0.194	0.317	0.298
0.128	0.542	0.002	0.328
0.193	0.013	0.305	0.489
0.011	0.732	0.005	0.252
0.136	0.001	0.291	0.572
0.001	0.888	0.001	0.110
0.288	0.025	0.031	0.656
0.002	0.475	0.214	0.309
0.234	0.199	0.117	0.450
0.104	0.353	0.278	0.266
0.288	0.245	0.195	0.273
>GAGAGCSAGAGA	3-GAGAGCSAGAGA	8.317144	-132.111968	0	T:277.0(14.90%),B:2079.8(4.99%),P:1e-57	Tpos:70.2,Tstd:41.4,Bpos:76.9,Bstd:55.3,StrandBias:-1.1,Multiplicity:1.02
0.036	0.095	0.868	0.001
0.927	0.001	0.001	0.071
0.284	0.072	0.626	0.018
0.725	0.090	0.068	0.117
0.173	0.056	0.672	0.099
0.001	0.963	0.035	0.001
0.226	0.312	0.426	0.037
0.735	0.018	0.246	0.001
0.102	0.090	0.682	0.126
0.746	0.145	0.018	0.091
0.122	0.104	0.684	0.090
0.962	0.036	0.001	0.001
>CGCTCTCTCTCG	4-CGCTCTCTCTCG	8.014078	-119.733249	0	T:258.0(13.88%),B:1967.2(4.72%),P:1e-51	Tpos:93.2,Tstd:41.5,Bpos:76.8,Bstd:55.7,StrandBias:-0.3,Multiplicity:1.00
0.086	0.679	0.086	0.149
0.034	0.103	0.862	0.001
0.123	0.709	0.034	0.134
0.078	0.080	0.069	0.773
0.063	0.702	0.147	0.088
0.115	0.103	0.082	0.700
0.129	0.655	0.086	0.130
0.046	0.086	0.052	0.816
0.089	0.672	0.132	0.107
0.086	0.034	0.123	0.757
0.103	0.811	0.017	0.069
0.011	0.052	0.868	0.069
>GTATCTGTATCT	5-GTATCTGTATCT	9.091083	-60.815712	0	T:127.0(6.83%),B:938.8(2.25%),P:1e-26	Tpos:65.2,Tstd:38.1,Bpos:75.6,Bstd:59.9,StrandBias:-0.3,Multiplicity:1.20
0.097	0.080	0.822	0.001
0.080	0.129	0.001	0.790
0.946	0.001	0.013	0.040
0.001	0.020	0.096	0.883
0.001	0.851	0.040	0.108
0.001	0.008	0.001	0.990
0.001	0.228	0.770	0.001
0.210	0.091	0.001	0.698
0.604	0.001	0.394	0.001
0.001	0.176	0.114	0.709
0.123	0.574	0.134	0.169
0.082	0.118	0.117	0.683
>TTGTTGTTGTTG	6-TTGTTGTTGTTG	9.234786	-59.139149	0	T:196.0(10.54%),B:1908.9(4.58%),P:1e-25	Tpos:73.2,Tstd:39.9,Bpos:76.4,Bstd:55.1,StrandBias:0.4,Multiplicity:1.15
0.068	0.123	0.116	0.693
0.108	0.054	0.069	0.769
0.091	0.055	0.704	0.150
0.049	0.126	0.031	0.794
0.042	0.050	0.058	0.850
0.089	0.045	0.759	0.107
0.045	0.133	0.040	0.782
0.084	0.060	0.060	0.796
0.040	0.062	0.759	0.139
0.047	0.162	0.071	0.720
0.089	0.096	0.100	0.715
0.067	0.084	0.660	0.189
>GAVAGCGAMAGC	7-GAVAGCGAMAGC	8.137551	-57.551397	0	T:223.0(12.00%),B:2344.9(5.63%),P:1e-24	Tpos:75.1,Tstd:42.6,Bpos:73.0,Bstd:57.5,StrandBias:-0.4,Multiplicity:1.17
0.174	0.119	0.706	0.001
0.884	0.072	0.043	0.001
0.320	0.371	0.265	0.043
0.692	0.054	0.136	0.118
0.156	0.001	0.679	0.164
0.001	0.865	0.123	0.011
0.244	0.065	0.680	0.011
0.827	0.033	0.118	0.022
0.363	0.412	0.170	0.055
0.849	0.023	0.091	0.037
0.079	0.001	0.919	0.001
0.072	0.904	0.011	0.013
>GAGAGSGRGAGG	8-GAGAGSGRGAGG	8.181456	-53.099413	0	T:168.0(9.04%),B:1595.7(3.83%),P:1e-23	Tpos:75.1,Tstd:36.9,Bpos:76.2,Bstd:50.5,StrandBias:0.0,Multiplicity:1.04
0.001	0.023	0.975	0.001
0.980	0.001	0.018	0.001
0.113	0.001	0.794	0.092
0.513	0.044	0.143	0.300
0.148	0.001	0.754	0.097
0.001	0.429	0.359	0.211
0.089	0.024	0.886	0.001
0.419	0.001	0.383	0.197
0.001	0.162	0.764	0.073
0.688	0.001	0.142	0.169
0.234	0.001	0.764	0.001
0.001	0.198	0.800	0.001
>GTGTGTGTGTGT	9-GTGTGTGTGTGT	7.073280	-50.977467	0	T:439.0(23.61%),B:6235.8(14.96%),P:1e-22	Tpos:73.6,Tstd:41.6,Bpos:73.2,Bstd:61.2,StrandBias:-0.2,Multiplicity:1.17
0.064	0.051	0.679	0.206
0.123	0.067	0.056	0.754
0.033	0.048	0.819	0.100
0.091	0.048	0.055	0.806
0.156	0.021	0.631	0.192
0.065	0.074	0.048	0.813
0.055	0.055	0.641	0.249
0.087	0.077	0.069	0.767
0.020	0.025	0.728	0.227
0.041	0.045	0.106	0.808
0.086	0.060	0.780	0.074
0.119	0.229	0.138	0.514
>TATRTATRTATR	10-TATRTATRTATR	4.843411	-47.132694	0	T:641.0(34.48%),B:10303.1(24.72%),P:1e-20	Tpos:72.8,Tstd:41.3,Bpos:73.6,Bstd:63.8,StrandBias:0.0,Multiplicity:1.48
0.007	0.100	0.001	0.892
0.806	0.022	0.098	0.074
0.039	0.321	0.018	0.622
0.407	0.061	0.520	0.012
0.033	0.070	0.033	0.864
0.768	0.063	0.159	0.010
0.001	0.290	0.001	0.708
0.571	0.001	0.427	0.001
0.001	0.022	0.001	0.976
0.749	0.040	0.152	0.059
0.001	0.319	0.038	0.642
0.472	0.013	0.470	0.045
>TGTATGTATGTA	11-TGTATGTATGTA	7.569714	-40.985774	0	T:233.0(12.53%),B:2863.0(6.87%),P:1e-17	Tpos:72.4,Tstd:41.3,Bpos:75.2,Bstd:52.8,StrandBias:-0.6,Multiplicity:1.00
0.077	0.038	0.030	0.855
0.012	0.040	0.816	0.132
0.127	0.060	0.072	0.741
0.718	0.142	0.050	0.090
0.137	0.030	0.030	0.803
0.050	0.113	0.681	0.156
0.162	0.070	0.060	0.708
0.703	0.064	0.093	0.140
0.110	0.040	0.020	0.830
0.043	0.068	0.734	0.155
0.195	0.080	0.082	0.643
0.808	0.060	0.068	0.064
>DBGAAAGMGAVD	12-DBGAAAGMGAVD	7.553198	-39.891700	0	T:113.0(6.08%),B:1012.3(2.43%),P:1e-17	Tpos:100.8,Tstd:45.1,Bpos:73.2,Bstd:51.4,StrandBias:0.1,Multiplicity:1.00
0.203	0.194	0.253	0.350
0.186	0.342	0.213	0.260
0.017	0.111	0.720	0.152
0.680	0.207	0.004	0.109
0.610	0.007	0.001	0.382
0.779	0.192	0.017	0.012
0.358	0.006	0.629	0.007
0.376	0.331	0.083	0.211
0.008	0.014	0.971	0.007
0.595	0.010	0.210	0.185
0.190	0.323	0.329	0.158
0.293	0.151	0.212	0.344
>GARAGCGRAAAT	13-GARAGCGRAAAT	8.474419	-38.091588	0	T:119.0(6.40%),B:1124.0(2.70%),P:1e-16	Tpos:82.0,Tstd:37.8,Bpos:74.5,Bstd:51.3,StrandBias:0.2,Multiplicity:1.05
0.204	0.001	0.684	0.111
0.640	0.192	0.167	0.001
0.411	0.168	0.312	0.109
0.984	0.001	0.014	0.001
0.033	0.001	0.656	0.310
0.001	0.575	0.339	0.085
0.176	0.088	0.686	0.050
0.463	0.001	0.535	0.001
0.830	0.001	0.096	0.073
0.896	0.001	0.001	0.102
0.622	0.001	0.158	0.219
0.014	0.001	0.001	0.984
>SVCTCTCGMTCG	14-SVCTCTCGMTCG	9.762715	-33.633267	0	T:44.0(2.37%),B:227.4(0.55%),P:1e-14	Tpos:87.1,Tstd:39.1,Bpos:77.5,Bstd:51.5,StrandBias:0.0,Multiplicity:1.00
0.001	0.421	0.451	0.126
0.275	0.343	0.382	0.001
0.001	0.682	0.047	0.270
0.001	0.225	0.001	0.773
0.333	0.619	0.001	0.047
0.001	0.001	0.001	0.997
0.001	0.811	0.187	0.001
0.001	0.187	0.811	0.001
0.446	0.552	0.001	0.001
0.047	0.084	0.291	0.578
0.001	0.737	0.001	0.261
0.001	0.001	0.997	0.001
>TCTSTTTTTCTC	15-TCTSTTTTTCTC	11.411740	-33.196186	0	T:52.0(2.80%),B:314.8(0.76%),P:1e-14	Tpos:58.8,Tstd:34.8,Bpos:75.4,Bstd:41.8,StrandBias:-1.0,Multiplicity:1.00
0.001	0.001	0.001	0.997
0.001	0.997	0.001	0.001
0.001	0.001	0.001	0.997
0.001	0.400	0.400	0.200
0.001	0.001	0.001	0.997
0.099	0.001	0.001	0.899
0.001	0.001	0.199	0.799
0.001	0.399	0.001	0.599
0.001	0.199	0.001	0.799
0.300	0.599	0.100	0.001
0.001	0.001	0.001	0.997
0.001	0.799	0.199	0.001
>TATGATGACTCA	16-TATGATGACTCA	13.567001	-30.032712	0	T:8.0(0.43%),B:2.7(0.01%),P:1e-13	Tpos:71.0,Tstd:36.5,Bpos:121.2,Bstd:8.5,StrandBias:1.0,Multiplicity:1.12
0.001	0.111	0.111	0.777
0.888	0.110	0.001	0.001
0.110	0.001	0.001	0.888
0.001	0.001	0.888	0.110
0.888	0.110	0.001	0.001
0.001	0.001	0.001	0.997
0.001	0.001	0.888	0.110
0.997	0.001	0.001	0.001
0.001	0.997	0.001	0.001
0.001	0.001	0.001	0.997
0.001	0.997	0.001	0.001
0.888	0.001	0.001	0.110
>YGACGWCGDCGT	17-YGACGWCGDCGT	8.038485	-26.823099	0	T:108.0(5.81%),B:1158.6(2.78%),P:1e-11	Tpos:77.8,Tstd:39.2,Bpos:71.2,Bstd:56.9,StrandBias:-0.1,Multiplicity:1.06
0.142	0.480	0.001	0.377
0.001	0.001	0.930	0.068
0.423	0.193	0.207	0.176
0.001	0.997	0.001	0.001
0.001	0.001	0.997	0.001
0.432	0.135	0.001	0.433
0.019	0.831	0.001	0.149
0.127	0.001	0.853	0.019
0.312	0.162	0.263	0.263
0.001	0.879	0.001	0.119
0.213	0.001	0.620	0.166
0.135	0.230	0.238	0.397
>CTCCCCVTCTCW	18-CTCCCCVTCTCW	10.509298	-26.205198	0	T:46.0(2.47%),B:307.8(0.74%),P:1e-11	Tpos:94.1,Tstd:44.0,Bpos:74.2,Bstd:42.7,StrandBias:1.1,Multiplicity:1.07
0.245	0.753	0.001	0.001
0.001	0.001	0.001	0.997
0.001	0.632	0.366	0.001
0.001	0.739	0.001	0.259
0.001	0.873	0.125	0.001
0.001	0.879	0.001	0.119
0.266	0.361	0.253	0.120
0.001	0.001	0.001	0.997
0.001	0.879	0.001	0.119
0.126	0.120	0.001	0.753
0.362	0.631	0.001	0.006
0.486	0.001	0.001	0.512
>GATCCGATCCGA	19-GATCCGATCCGA	7.902051	-25.279387	0	T:74.0(3.98%),B:682.0(1.64%),P:1e-10	Tpos:78.7,Tstd:45.0,Bpos:74.4,Bstd:51.8,StrandBias:0.2,Multiplicity:1.12
0.091	0.075	0.833	0.001
0.770	0.106	0.001	0.123
0.136	0.100	0.083	0.681
0.066	0.727	0.119	0.088
0.049	0.648	0.287	0.016
0.114	0.141	0.744	0.001
0.845	0.049	0.041	0.065
0.225	0.001	0.170	0.604
0.010	0.747	0.158	0.085
0.077	0.607	0.281	0.035
0.024	0.260	0.715	0.001
0.820	0.150	0.029	0.001
>CACTCACACACA	20-CACTCACACACA	9.310592	-21.141918	0	T:131.0(7.05%),B:1663.5(3.99%),P:1e-9	Tpos:85.0,Tstd:35.2,Bpos:69.5,Bstd:59.7,StrandBias:0.3,Multiplicity:1.00
0.061	0.865	0.037	0.037
0.902	0.037	0.024	0.037
0.061	0.829	0.037	0.073
0.001	0.001	0.109	0.889
0.073	0.793	0.037	0.097
0.857	0.024	0.082	0.037
0.036	0.927	0.001	0.036
0.821	0.060	0.118	0.001
0.037	0.873	0.061	0.029
0.720	0.097	0.073	0.110
0.037	0.691	0.199	0.073
0.830	0.024	0.073	0.073
>TGTATGTATATG	21-TGTATGTATATG	10.052596	-14.787027	0	T:54.0(2.90%),B:567.4(1.36%),P:1e-6	Tpos:77.0,Tstd:48.0,Bpos:74.5,Bstd:53.6,StrandBias:0.4,Multiplicity:1.00
0.127	0.001	0.001	0.871
0.001	0.001	0.935	0.063
0.064	0.064	0.064	0.808
0.766	0.064	0.128	0.042
0.001	0.001	0.063	0.935
0.001	0.127	0.871	0.001
0.255	0.001	0.064	0.680
0.829	0.001	0.064	0.106
0.127	0.001	0.127	0.745
0.680	0.064	0.064	0.192
0.063	0.001	0.001	0.935
0.001	0.063	0.935	0.001
>AAAGAGAAAGAG	22-AAAGAGAAAGAG	10.457839	-14.721628	0	T:45.0(2.42%),B:435.7(1.05%),P:1e-6	Tpos:65.5,Tstd:33.7,Bpos:67.7,Bstd:48.1,StrandBias:2.0,Multiplicity:1.00
0.974	0.001	0.024	0.001
0.911	0.001	0.001	0.087
0.756	0.175	0.068	0.001
0.175	0.207	0.530	0.088
0.746	0.138	0.115	0.001
0.087	0.001	0.825	0.087
0.672	0.087	0.240	0.001
0.911	0.087	0.001	0.001
0.911	0.001	0.001	0.087
0.127	0.001	0.871	0.001
0.911	0.001	0.001	0.087
0.001	0.001	0.997	0.001
>CTATAGNCTATA	23-CTATAGNCTATA	10.553650	-14.679204	0	T:20.0(1.08%),B:114.1(0.27%),P:1e-6	Tpos:99.0,Tstd:35.9,Bpos:77.6,Bstd:55.3,StrandBias:-0.1,Multiplicity:1.21
0.315	0.683	0.001	0.001
0.001	0.047	0.084	0.868
0.809	0.095	0.049	0.047
0.001	0.046	0.001	0.952
0.962	0.001	0.001	0.036
0.049	0.136	0.688	0.127
0.227	0.330	0.260	0.183
0.182	0.721	0.049	0.048
0.038	0.049	0.085	0.828
0.997	0.001	0.001	0.001
0.001	0.047	0.142	0.810
0.952	0.001	0.046	0.001
>TATWKGTTTGTA	24-TATWKGTTTGTA	8.590626	-14.584893	0	T:117.0(6.29%),B:1620.5(3.89%),P:1e-6	Tpos:71.5,Tstd:43.3,Bpos:76.0,Bstd:50.2,StrandBias:-0.2,Multiplicity:1.08
0.001	0.080	0.001	0.918
0.938	0.032	0.022	0.008
0.001	0.001	0.001	0.997
0.405	0.001	0.048	0.546
0.032	0.001	0.421	0.546
0.043	0.049	0.756	0.152
0.001	0.097	0.048	0.854
0.105	0.240	0.001	0.654
0.001	0.001	0.001	0.997
0.049	0.049	0.538	0.364
0.004	0.001	0.314	0.681
0.719	0.097	0.073	0.111
>CATATGTAMATA	25-CATATGTAMATA	9.829011	-11.214208	0	T:53.0(2.85%),B:627.0(1.50%),P:1e-4	Tpos:72.1,Tstd:45.8,Bpos:76.2,Bstd:49.0,StrandBias:0.7,Multiplicity:1.00
0.034	0.964	0.001	0.001
0.786	0.001	0.001	0.212
0.053	0.056	0.001	0.890
0.582	0.001	0.159	0.258
0.007	0.001	0.053	0.939
0.001	0.041	0.594	0.364
0.001	0.381	0.001	0.617
0.741	0.053	0.205	0.001
0.473	0.525	0.001	0.001
0.915	0.001	0.001	0.083
0.110	0.053	0.001	0.836
0.714	0.003	0.131	0.152
>AGAGAGAG	1-AGAGAGAG	5.851930	-265.796690	0	T:786.0(42.28%),B:7962.3(19.10%),P:1e-115	Tpos:74.1,Tstd:39.5,Bpos:74.3,Bstd:72.9,StrandBias:-0.1,Multiplicity:1.84
0.478	0.236	0.072	0.214
0.162	0.038	0.774	0.026
0.727	0.101	0.094	0.078
0.050	0.001	0.892	0.057
0.822	0.096	0.031	0.051
0.012	0.057	0.930	0.001
0.569	0.268	0.095	0.068
0.108	0.068	0.806	0.018
>CTCACTCA	2-CTCACTCA	4.969124	-139.884073	0	T:945.0(50.83%),B:13453.3(32.28%),P:1e-60	Tpos:74.9,Tstd:42.0,Bpos:74.1,Bstd:56.6,StrandBias:0.0,Multiplicity:1.40
0.151	0.607	0.065	0.177
0.133	0.043	0.053	0.771
0.010	0.716	0.185	0.089
0.731	0.017	0.153	0.099
0.043	0.802	0.092	0.063
0.139	0.040	0.033	0.788
0.042	0.904	0.048	0.006
0.685	0.053	0.195	0.067
>CGCTCSCM	3-CGCTCSCM	6.131490	-97.630144	0	T:595.0(32.01%),B:7780.3(18.67%),P:1e-42	Tpos:78.1,Tstd:40.4,Bpos:74.7,Bstd:56.5,StrandBias:-0.0,Multiplicity:1.23
0.001	0.997	0.001	0.001
0.001	0.032	0.705	0.262
0.149	0.657	0.001	0.193
0.001	0.001	0.001	0.997
0.001	0.997	0.001	0.001
0.001	0.469	0.529	0.001
0.001	0.648	0.350	0.001
0.461	0.404	0.064	0.071
>TACATATA	4-TACATATA	4.968871	-77.931731	0	T:1008.0(54.22%),B:16733.2(40.15%),P:1e-33	Tpos:73.5,Tstd:41.9,Bpos:73.9,Bstd:63.1,StrandBias:-0.0,Multiplicity:1.89
0.044	0.245	0.069	0.642
0.865	0.040	0.061	0.034
0.065	0.675	0.058	0.202
0.877	0.041	0.066	0.016
0.144	0.254	0.147	0.455
0.934	0.029	0.001	0.036
0.005	0.251	0.034	0.710
0.848	0.020	0.119	0.013
>ACTGAGAG	5-ACTGAGAG	6.749550	-77.225381	0	T:307.0(16.51%),B:3290.5(7.90%),P:1e-33	Tpos:81.3,Tstd:41.0,Bpos:73.5,Bstd:56.5,StrandBias:-0.5,Multiplicity:1.04
0.917	0.007	0.040	0.036
0.111	0.794	0.001	0.094
0.115	0.045	0.216	0.624
0.009	0.018	0.972	0.001
0.943	0.055	0.001	0.001
0.091	0.001	0.887	0.021
0.969	0.029	0.001	0.001
0.052	0.001	0.927	0.020
>GTTGTTGT	6-GTTGTTGT	7.021274	-51.068817	0	T:394.0(21.19%),B:5405.6(12.97%),P:1e-22	Tpos:72.6,Tstd:40.2,Bpos:76.0,Bstd:55.7,StrandBias:0.1,Multiplicity:1.28
0.055	0.001	0.851	0.093
0.001	0.059	0.001	0.939
0.030	0.021	0.001	0.948
0.037	0.001	0.908	0.054
0.001	0.075	0.045	0.879
0.014	0.026	0.001	0.959
0.060	0.001	0.910	0.029
0.001	0.159	0.045	0.795
>TTCTCTTT	7-TTCTCTTT	7.231635	-42.925841	0	T:204.0(10.97%),B:2338.2(5.61%),P:1e-18	Tpos:75.5,Tstd:39.5,Bpos:75.8,Bstd:58.3,StrandBias:0.0,Multiplicity:1.14
0.122	0.001	0.001	0.876
0.001	0.001	0.107	0.891
0.001	0.997	0.001	0.001
0.001	0.001	0.001	0.997
0.001	0.997	0.001	0.001
0.001	0.001	0.001	0.997
0.001	0.001	0.001	0.997
0.197	0.107	0.065	0.631
>CCCCCCCC	8-CCCCCCCC	5.009465	-40.094129	0	T:284.0(15.28%),B:3765.4(9.03%),P:1e-17	Tpos:79.9,Tstd:41.6,Bpos:73.6,Bstd:50.0,StrandBias:-0.1,Multiplicity:1.23
0.114	0.716	0.070	0.100
0.118	0.736	0.059	0.087
0.068	0.778	0.064	0.090
0.073	0.752	0.062	0.113
0.052	0.787	0.043	0.118
0.070	0.774	0.038	0.118
0.110	0.749	0.073	0.068
0.111	0.711	0.040	0.138
>CTTATCAG	9-CTTATCAG	7.721105	-39.580092	0	T:109.0(5.86%),B:961.7(2.31%),P:1e-17	Tpos:76.5,Tstd:40.1,Bpos:72.6,Bstd:51.3,StrandBias:0.1,Multiplicity:1.10
0.001	0.807	0.191	0.001
0.018	0.001	0.001	0.980
0.025	0.001	0.001	0.973
0.981	0.001	0.017	0.001
0.055	0.001	0.009	0.935
0.001	0.986	0.001	0.012
0.951	0.001	0.029	0.019
0.186	0.080	0.682	0.052
>TATACTCT	10-TATACTCT	7.224332	-33.792263	0	T:134.0(7.21%),B:1422.1(3.41%),P:1e-14	Tpos:69.8,Tstd:45.5,Bpos:74.5,Bstd:58.2,StrandBias:-0.0,Multiplicity:1.05
0.139	0.012	0.084	0.765
0.857	0.066	0.037	0.040
0.001	0.001	0.001	0.997
0.935	0.001	0.001	0.063
0.025	0.973	0.001	0.001
0.041	0.055	0.059	0.845
0.300	0.674	0.025	0.001
0.017	0.021	0.012	0.950
>CCGAACGA	11-CCGAACGA	6.750267	-32.106504	0	T:207.0(11.14%),B:2654.0(6.37%),P:1e-13	Tpos:73.7,Tstd:42.6,Bpos:75.5,Bstd:53.8,StrandBias:0.4,Multiplicity:1.05
0.244	0.428	0.213	0.114
0.001	0.988	0.010	0.001
0.001	0.021	0.977	0.001
0.997	0.001	0.001	0.001
0.932	0.062	0.001	0.005
0.001	0.821	0.011	0.167
0.001	0.207	0.791	0.001
0.786	0.001	0.212	0.001
>GYTTTCGY	12-GYTTTCGY	6.720175	-29.738281	0	T:454.0(24.42%),B:7352.0(17.64%),P:1e-12	Tpos:77.2,Tstd:42.6,Bpos:74.9,Bstd:52.5,StrandBias:0.1,Multiplicity:1.18
0.001	0.001	0.997	0.001
0.001	0.539	0.001	0.459
0.001	0.264	0.102	0.633
0.001	0.016	0.001	0.982
0.001	0.001	0.303	0.695
0.001	0.514	0.121	0.364
0.001	0.349	0.649	0.001
0.001	0.553	0.001	0.445
>AAGCTTTC	13-AAGCTTTC	3.900606	-27.860768	0	T:159.0(8.55%),B:1955.0(4.69%),P:1e-12	Tpos:78.3,Tstd:42.8,Bpos:72.9,Bstd:52.4,StrandBias:-0.0,Multiplicity:1.09
0.975	0.001	0.023	0.001
0.997	0.001	0.001	0.001
0.001	0.001	0.997	0.001
0.001	0.997	0.001	0.001
0.001	0.001	0.001	0.997
0.001	0.001	0.001	0.997
0.001	0.001	0.001	0.997
0.001	0.768	0.143	0.088
>GTGACGTC	14-GTGACGTC	6.733819	-24.218161	0	T:56.0(3.01%),B:453.0(1.09%),P:1e-10	Tpos:79.6,Tstd:40.7,Bpos:70.8,Bstd:49.2,StrandBias:-0.1,Multiplicity:1.00
0.256	0.001	0.665	0.078
0.001	0.001	0.001	0.997
0.001	0.001	0.997	0.001
0.997	0.001	0.001	0.001
0.001	0.997	0.001	0.001
0.001	0.001	0.997	0.001
0.001	0.001	0.001	0.997
0.051	0.947	0.001	0.001
>TTCCATTT	15-TTCCATTT	9.242971	-13.204596	0	T:73.0(3.93%),B:905.1(2.17%),P:1e-5	Tpos:80.3,Tstd:36.5,Bpos:74.8,Bstd:47.9,StrandBias:0.2,Multiplicity:1.06
0.161	0.001	0.001	0.837
0.001	0.001	0.001	0.997
0.001	0.997	0.001	0.001
0.001	0.997	0.001	0.001
0.997	0.001	0.001	0.001
0.001	0.001	0.001	0.997
0.001	0.001	0.001	0.997
0.001	0.001	0.001	0.997
>GTCGACGT	16-GTCGACGT	8.223725	-12.620380	0	T:54.0(2.90%),B:611.0(1.47%),P:1e-5	Tpos:69.7,Tstd:45.0,Bpos:73.9,Bstd:55.3,StrandBias:0.1,Multiplicity:1.12
0.001	0.001	0.997	0.001
0.145	0.001	0.001	0.853
0.001	0.928	0.001	0.070
0.100	0.001	0.898	0.001
0.997	0.001	0.001	0.001
0.001	0.997	0.001	0.001
0.001	0.001	0.997	0.001
0.001	0.081	0.001	0.917
